 Location: 15N  65E   1 Jan 2020 to 20 Oct 2020 (  294 times,  1 blocks) Gen. Date Aug 24 2026
 Units: Winds (m/s), W. Dir (deg), AirT (C), SST (C), Rel. Humidity (%), -99.9 = missing
 Winds Use Oceanographic Convention:(1,1) is NE at sqrt(2) m/s
 Time: 1200  1 Jan 2020 to 1200 20 Oct 2020 (index     1 to   294,  294 times)
 Depth (M):        -4     -4     -4     -4     -3      1     -3 QUALITY SOURCE
 YYYYMMDD HHMM   UWND   VWND   WSPD   WDIR   AIRT    SST     RH SDATH SDATH
 20200101 1200  -99.9  -99.9  -99.9  -99.9  25.30 -99.90   66.6 00202 00101
 20200102 1200  -99.9  -99.9  -99.9  -99.9  25.20 -99.90   66.3 00202 00101
 20200103 1200  -99.9  -99.9  -99.9  -99.9  25.20 -99.90   65.2 00202 00101
 20200104 1200  -99.9  -99.9  -99.9  -99.9  25.10 -99.90   64.2 00202 00101
 20200105 1200  -99.9  -99.9  -99.9  -99.9  25.10 -99.90   59.8 00202 00101
 20200106 1200  -99.9  -99.9  -99.9  -99.9  26.00 -99.90   59.0 00202 00101
 20200107 1200  -99.9  -99.9  -99.9  -99.9  25.70 -99.90   70.5 00202 00101
 20200108 1200  -99.9  -99.9  -99.9  -99.9  25.10 -99.90   71.7 00202 00101
 20200109 1200  -99.9  -99.9  -99.9  -99.9  25.30 -99.90   70.6 00202 00101
 20200110 1200  -99.9  -99.9  -99.9  -99.9  25.00 -99.90   71.3 00202 00101
 20200111 1200  -99.9  -99.9  -99.9  -99.9  25.40 -99.90   75.9 00202 00101
 20200112 1200  -99.9  -99.9  -99.9  -99.9  25.70 -99.90   70.9 00202 00101
 20200113 1200  -99.9  -99.9  -99.9  -99.9  24.50 -99.90   70.3 00202 00101
 20200114 1200  -99.9  -99.9  -99.9  -99.9  24.30 -99.90   64.9 00202 00101
 20200115 1200  -99.9  -99.9  -99.9  -99.9  24.20 -99.90   68.5 00202 00101
 20200116 1200  -99.9  -99.9  -99.9  -99.9  24.40 -99.90   62.8 00202 00101
 20200117 1200  -99.9  -99.9  -99.9  -99.9  23.80 -99.90   60.8 00202 00101
 20200118 1200  -99.9  -99.9  -99.9  -99.9  23.90 -99.90   61.5 00202 00101
 20200119 1200  -99.9  -99.9  -99.9  -99.9  24.40 -99.90   62.2 00202 00101
 20200120 1200  -99.9  -99.9  -99.9  -99.9  24.50 -99.90   61.3 00202 00101
 20200121 1200  -99.9  -99.9  -99.9  -99.9  24.80 -99.90   70.0 00202 00101
 20200122 1200  -99.9  -99.9  -99.9  -99.9  24.90 -99.90   79.2 00202 00101
 20200123 1200  -99.9  -99.9  -99.9  -99.9  25.10 -99.90   78.9 00202 00101
 20200124 1200  -99.9  -99.9  -99.9  -99.9  25.00 -99.90   84.2 00202 00101
 20200125 1200  -99.9  -99.9  -99.9  -99.9  25.10 -99.90   76.4 00202 00101
 20200126 1200  -99.9  -99.9  -99.9  -99.9  24.70 -99.90   71.2 00202 00101
 20200127 1200  -99.9  -99.9  -99.9  -99.9  24.20 -99.90   70.6 00202 00101
 20200128 1200  -99.9  -99.9  -99.9  -99.9  24.00 -99.90   63.1 00202 00101
 20200129 1200  -99.9  -99.9  -99.9  -99.9  23.90 -99.90   57.9 00202 00101
 20200130 1200  -99.9  -99.9  -99.9  -99.9  23.70 -99.90   61.4 00202 00101
 20200131 1200  -99.9  -99.9  -99.9  -99.9  23.60 -99.90   61.2 00202 00101
 20200201 1200  -99.9  -99.9  -99.9  -99.9  23.90 -99.90   60.2 00202 00101
 20200202 1200  -99.9  -99.9  -99.9  -99.9  24.30 -99.90   62.2 00202 00101
 20200203 1200  -99.9  -99.9  -99.9  -99.9  24.30 -99.90   60.0 00202 00101
 20200204 1200  -99.9  -99.9  -99.9  -99.9  24.60 -99.90   67.7 00202 00101
 20200205 1200  -99.9  -99.9  -99.9  -99.9  24.50 -99.90   63.3 00202 00101
 20200206 1200  -99.9  -99.9  -99.9  -99.9  24.10 -99.90   60.1 00202 00101
 20200207 1200  -99.9  -99.9  -99.9  -99.9  24.40 -99.90   59.7 00202 00101
 20200208 1200  -99.9  -99.9  -99.9  -99.9  24.20 -99.90   62.3 00202 00101
 20200209 1200  -99.9  -99.9  -99.9  -99.9  24.70 -99.90   66.5 00202 00101
 20200210 1200  -99.9  -99.9  -99.9  -99.9  24.70 -99.90   76.9 00202 00101
 20200211 1200  -99.9  -99.9  -99.9  -99.9  24.90 -99.90   79.8 00202 00101
 20200212 1200  -99.9  -99.9  -99.9  -99.9  25.00 -99.90   82.5 00202 00101
 20200213 1200  -99.9  -99.9  -99.9  -99.9  24.90 -99.90   78.3 00202 00101
 20200214 1200  -99.9  -99.9  -99.9  -99.9  25.10 -99.90   83.6 00202 00101
 20200215 1200  -99.9  -99.9  -99.9  -99.9  25.20 -99.90   83.1 00202 00101
 20200216 1200  -99.9  -99.9  -99.9  -99.9  25.00 -99.90   78.3 00202 00101
 20200217 1200  -99.9  -99.9  -99.9  -99.9  24.90 -99.90   73.9 00202 00101
 20200218 1200  -99.9  -99.9  -99.9  -99.9  25.00 -99.90   76.9 00202 00101
 20200219 1200  -99.9  -99.9  -99.9  -99.9  24.90 -99.90   81.8 00202 00101
 20200220 1200  -99.9  -99.9  -99.9  -99.9  25.40 -99.90   78.4 00202 00101
 20200221 1200  -99.9  -99.9  -99.9  -99.9  25.90 -99.90   76.8 00202 00101
 20200222 1200  -99.9  -99.9  -99.9  -99.9  25.30 -99.90   80.4 00202 00101
 20200223 1200  -99.9  -99.9  -99.9  -99.9  25.20 -99.90   80.0 00202 00101
 20200224 1200  -99.9  -99.9  -99.9  -99.9  25.20 -99.90   82.3 00202 00101
 20200225 1200  -99.9  -99.9  -99.9  -99.9  25.50 -99.90   79.6 00202 00101
 20200226 1200  -99.9  -99.9  -99.9  -99.9  25.70 -99.90   77.8 00202 00101
 20200227 1200  -99.9  -99.9  -99.9  -99.9  25.50 -99.90   73.5 00202 00101
 20200228 1200  -99.9  -99.9  -99.9  -99.9  25.40 -99.90   66.6 00202 00101
 20200229 1200  -99.9  -99.9  -99.9  -99.9  25.20 -99.90   65.4 00202 00101
 20200301 1200  -99.9  -99.9  -99.9  -99.9  25.50 -99.90   68.5 00202 00101
 20200302 1200  -99.9  -99.9  -99.9  -99.9  25.70 -99.90   71.1 00202 00101
 20200303 1200  -99.9  -99.9  -99.9  -99.9  25.60 -99.90   71.9 00202 00101
 20200304 1200  -99.9  -99.9  -99.9  -99.9  25.40 -99.90   68.3 00202 00101
 20200305 1200  -99.9  -99.9  -99.9  -99.9  25.40 -99.90   66.8 00202 00101
 20200306 1200  -99.9  -99.9  -99.9  -99.9  25.20 -99.90   58.8 00202 00101
 20200307 1200  -99.9  -99.9  -99.9  -99.9  25.10 -99.90   56.6 00202 00101
 20200308 1200  -99.9  -99.9  -99.9  -99.9  25.00 -99.90   63.2 00202 00101
 20200309 1200  -99.9  -99.9  -99.9  -99.9  24.90 -99.90   67.4 00202 00101
 20200310 1200  -99.9  -99.9  -99.9  -99.9  24.60 -99.90   65.6 00202 00101
 20200311 1200  -99.9  -99.9  -99.9  -99.9  25.00 -99.90   65.1 00202 00101
 20200312 1200  -99.9  -99.9  -99.9  -99.9  24.60 -99.90   56.1 00202 00101
 20200313 1200  -99.9  -99.9  -99.9  -99.9  24.60 -99.90   61.6 00202 00101
 20200314 1200  -99.9  -99.9  -99.9  -99.9  25.20 -99.90   60.3 00202 00101
 20200315 1200  -99.9  -99.9  -99.9  -99.9  25.40 -99.90   61.6 00202 00101
 20200316 1200  -99.9  -99.9  -99.9  -99.9  25.60 -99.90   68.1 00202 00101
 20200317 1200  -99.9  -99.9  -99.9  -99.9  25.60 -99.90   70.6 00202 00101
 20200318 1200  -99.9  -99.9  -99.9  -99.9  26.10 -99.90   77.3 00202 00101
 20200319 1200  -99.9  -99.9  -99.9  -99.9  25.90 -99.90   82.5 00202 00101
 20200320 1200  -99.9  -99.9  -99.9  -99.9  26.50 -99.90   78.7 00202 00101
 20200321 1200  -99.9  -99.9  -99.9  -99.9  27.00 -99.90   75.4 00202 00101
 20200322 1200  -99.9  -99.9  -99.9  -99.9  27.30 -99.90   74.1 00202 00101
 20200323 1200  -99.9  -99.9  -99.9  -99.9  26.70 -99.90   74.8 00202 00101
 20200324 1200  -99.9  -99.9  -99.9  -99.9  26.40 -99.90   74.8 00202 00101
 20200325 1200  -99.9  -99.9  -99.9  -99.9  26.50 -99.90   73.1 00202 00101
 20200326 1200  -99.9  -99.9  -99.9  -99.9  27.10 -99.90   73.8 00202 00101
 20200327 1200  -99.9  -99.9  -99.9  -99.9  27.30 -99.90   75.9 00202 00101
 20200328 1200  -99.9  -99.9  -99.9  -99.9  26.70 -99.90   74.5 00202 00101
 20200329 1200  -99.9  -99.9  -99.9  -99.9  26.40 -99.90   71.0 00202 00101
 20200330 1200  -99.9  -99.9  -99.9  -99.9  26.70 -99.90   74.3 00202 00101
 20200331 1200  -99.9  -99.9  -99.9  -99.9  26.80 -99.90   75.3 00202 00101
 20200401 1200  -99.9  -99.9  -99.9  -99.9  26.90 -99.90   77.8 00202 00101
 20200402 1200  -99.9  -99.9  -99.9  -99.9  27.00 -99.90   76.7 00202 00101
 20200403 1200  -99.9  -99.9  -99.9  -99.9  26.90 -99.90   75.3 00202 00101
 20200404 1200  -99.9  -99.9  -99.9  -99.9  26.40 -99.90   73.7 00202 00101
 20200405 1200  -99.9  -99.9  -99.9  -99.9  26.50 -99.90   75.9 00202 00101
 20200406 1200  -99.9  -99.9  -99.9  -99.9  26.90 -99.90   74.6 00202 00101
 20200407 1200  -99.9  -99.9  -99.9  -99.9  27.40 -99.90   70.2 00202 00101
 20200408 1200  -99.9  -99.9  -99.9  -99.9  28.10 -99.90   69.5 00202 00101
 20200409 1200  -99.9  -99.9  -99.9  -99.9  28.00 -99.90   69.6 00202 00101
 20200410 1200  -99.9  -99.9  -99.9  -99.9  27.70 -99.90   71.3 00202 00101
 20200411 1200  -99.9  -99.9  -99.9  -99.9  27.20 -99.90   73.9 00202 00101
 20200412 1200  -99.9  -99.9  -99.9  -99.9  27.20 -99.90   76.5 00202 00101
 20200413 1200  -99.9  -99.9  -99.9  -99.9  27.60 -99.90   79.6 00202 00101
 20200414 1200  -99.9  -99.9  -99.9  -99.9  28.10 -99.90   81.3 00202 00101
 20200415 1200  -99.9  -99.9  -99.9  -99.9  28.00 -99.90   81.3 00202 00101
 20200416 1200  -99.9  -99.9  -99.9  -99.9  28.10 -99.90   78.9 00202 00101
 20200417 1200  -99.9  -99.9  -99.9  -99.9  28.30 -99.90   75.8 00202 00101
 20200418 1200  -99.9  -99.9  -99.9  -99.9  28.60 -99.90   74.5 00202 00101
 20200419 1200  -99.9  -99.9  -99.9  -99.9  28.60 -99.90   76.2 00202 00101
 20200420 1200  -99.9  -99.9  -99.9  -99.9  28.50 -99.90   78.9 00202 00101
 20200421 1200  -99.9  -99.9  -99.9  -99.9  28.80 -99.90   76.4 00202 00101
 20200422 1200  -99.9  -99.9  -99.9  -99.9  28.60 -99.90   76.2 00202 00101
 20200423 1200  -99.9  -99.9  -99.9  -99.9  28.80 -99.90   76.2 00202 00101
 20200424 1200  -99.9  -99.9  -99.9  -99.9  28.90 -99.90   73.5 00202 00101
 20200425 1200  -99.9  -99.9  -99.9  -99.9  28.50 -99.90   76.7 00202 00101
 20200426 1200  -99.9  -99.9  -99.9  -99.9  29.00 -99.90   73.9 00202 00101
 20200427 1200  -99.9  -99.9  -99.9  -99.9  28.80 -99.90   73.8 00202 00101
 20200428 1200  -99.9  -99.9  -99.9  -99.9  28.80 -99.90   74.0 00202 00101
 20200429 1200  -99.9  -99.9  -99.9  -99.9  28.80 -99.90   73.3 00202 00101
 20200430 1200  -99.9  -99.9  -99.9  -99.9  29.10 -99.90   68.3 00202 00101
 20200501 1200  -99.9  -99.9  -99.9  -99.9  29.10 -99.90   69.0 00202 00101
 20200502 1200  -99.9  -99.9  -99.9  -99.9  29.10 -99.90   68.3 00202 00101
 20200503 1200  -99.9  -99.9  -99.9  -99.9  29.30 -99.90   71.2 00202 00101
 20200504 1200  -99.9  -99.9  -99.9  -99.9  29.30 -99.90   73.2 00202 00101
 20200505 1200  -99.9  -99.9  -99.9  -99.9  29.30 -99.90   76.8 00202 00101
 20200506 1200  -99.9  -99.9  -99.9  -99.9  29.20 -99.90   76.7 00202 00101
 20200507 1200  -99.9  -99.9  -99.9  -99.9  29.40 -99.90   74.4 00202 00101
 20200508 1200  -99.9  -99.9  -99.9  -99.9  29.60 -99.90   71.9 00202 00101
 20200509 1200  -99.9  -99.9  -99.9  -99.9  29.50 -99.90   69.8 00202 00101
 20200510 1200  -99.9  -99.9  -99.9  -99.9  29.40 -99.90   68.6 00202 00101
 20200511 1200  -99.9  -99.9  -99.9  -99.9  29.30 -99.90   67.9 00202 00101
 20200512 1200  -99.9  -99.9  -99.9  -99.9  29.10 -99.90   70.3 00202 00101
 20200513 1200  -99.9  -99.9  -99.9  -99.9  29.40 -99.90   68.9 00202 00101
 20200514 1200  -99.9  -99.9  -99.9  -99.9  29.80 -99.90   70.6 00202 00101
 20200515 1200  -99.9  -99.9  -99.9  -99.9  30.10 -99.90   71.6 00202 00101
 20200516 1200  -99.9  -99.9  -99.9  -99.9  30.00 -99.90   69.8 00202 00101
 20200517 1200  -99.9  -99.9  -99.9  -99.9  30.00 -99.90   69.5 00202 00101
 20200518 1200  -99.9  -99.9  -99.9  -99.9  29.60 -99.90   75.5 00202 00101
 20200519 1200  -99.9  -99.9  -99.9  -99.9  29.70 -99.90   70.5 00202 00101
 20200520 1200  -99.9  -99.9  -99.9  -99.9  29.90 -99.90   68.0 00202 00101
 20200521 1200  -99.9  -99.9  -99.9  -99.9  30.20 -99.90   67.4 00202 00101
 20200522 1200  -99.9  -99.9  -99.9  -99.9  30.30 -99.90   67.6 00202 00101
 20200523 1200  -99.9  -99.9  -99.9  -99.9  29.90 -99.90   69.1 00202 00101
 20200524 1200  -99.9  -99.9  -99.9  -99.9  30.20 -99.90   69.9 00202 00101
 20200525 1200  -99.9  -99.9  -99.9  -99.9  30.80 -99.90   68.1 00202 00101
 20200526 1200  -99.9  -99.9  -99.9  -99.9  30.40 -99.90   72.3 00202 00101
 20200527 1200  -99.9  -99.9  -99.9  -99.9  30.50 -99.90   75.1 00202 00101
 20200528 1200  -99.9  -99.9  -99.9  -99.9  30.60 -99.90   77.1 00202 00101
 20200529 1200  -99.9  -99.9  -99.9  -99.9  30.70 -99.90   78.2 00202 00101
 20200530 1200  -99.9  -99.9  -99.9  -99.9  30.60 -99.90   78.6 00202 00101
 20200531 1200  -99.9  -99.9  -99.9  -99.9  30.60 -99.90   78.0 00202 00101
 20200601 1200  -99.9  -99.9  -99.9  -99.9  29.90 -99.90   78.8 00202 00101
 20200602 1200  -99.9  -99.9  -99.9  -99.9  30.50 -99.90   79.7 00202 00101
 20200603 1200  -99.9  -99.9  -99.9  -99.9  30.70 -99.90   78.6 00202 00101
 20200604 1200  -99.9  -99.9  -99.9  -99.9  30.60 -99.90   79.4 00202 00101
 20200605 1200  -99.9  -99.9  -99.9  -99.9  30.40 -99.90   79.8 00202 00101
 20200606 1200  -99.9  -99.9  -99.9  -99.9  30.40 -99.90   79.8 00202 00101
 20200607 1200  -99.9  -99.9  -99.9  -99.9  30.30 -99.90   80.3 00202 00101
 20200608 1200  -99.9  -99.9  -99.9  -99.9  30.20 -99.90   80.8 00202 00101
 20200609 1200  -99.9  -99.9  -99.9  -99.9  29.40 -99.90   80.9 00202 00101
 20200610 1200  -99.9  -99.9  -99.9  -99.9  29.50 -99.90   81.1 00202 00101
 20200611 1200  -99.9  -99.9  -99.9  -99.9  30.00 -99.90   79.7 00202 00101
 20200612 1200  -99.9  -99.9  -99.9  -99.9  29.60 -99.90   81.3 00202 00101
 20200613 1200  -99.9  -99.9  -99.9  -99.9  29.60 -99.90   81.4 00202 00101
 20200614 1200  -99.9  -99.9  -99.9  -99.9  28.20 -99.90   86.0 00202 00101
 20200615 1200  -99.9  -99.9  -99.9  -99.9  29.10 -99.90   82.5 00202 00101
 20200616 1200  -99.9  -99.9  -99.9  -99.9  29.40 -99.90   82.1 00202 00101
 20200617 1200  -99.9  -99.9  -99.9  -99.9  29.50 -99.90   80.8 00202 00101
 20200618 1200  -99.9  -99.9  -99.9  -99.9  29.40 -99.90   79.8 00202 00101
 20200619 1200  -99.9  -99.9  -99.9  -99.9  29.20 -99.90   80.3 00202 00101
 20200620 1200  -99.9  -99.9  -99.9  -99.9  29.10 -99.90   81.6 00202 00101
 20200621 1200  -99.9  -99.9  -99.9  -99.9  29.00 -99.90   81.0 00202 00101
 20200622 1200  -99.9  -99.9  -99.9  -99.9  29.00 -99.90   81.9 00202 00101
 20200623 1200  -99.9  -99.9  -99.9  -99.9  28.90 -99.90   83.2 00202 00101
 20200624 1200  -99.9  -99.9  -99.9  -99.9  28.90 -99.90   82.7 00202 00101
 20200625 1200  -99.9  -99.9  -99.9  -99.9  28.90 -99.90   83.2 00202 00101
 20200626 1200  -99.9  -99.9  -99.9  -99.9  29.00 -99.90   82.8 00202 00101
 20200627 1200  -99.9  -99.9  -99.9  -99.9  28.80 -99.90   83.8 00202 00101
 20200628 1200  -99.9  -99.9  -99.9  -99.9  28.80 -99.90   83.3 00202 00101
 20200629 1200  -99.9  -99.9  -99.9  -99.9  28.70 -99.90   82.8 00202 00101
 20200630 1200  -99.9  -99.9  -99.9  -99.9  28.80 -99.90   82.6 00202 00101
 20200701 1200  -99.9  -99.9  -99.9  -99.9  28.50 -99.90   83.0 00202 00101
 20200702 1200  -99.9  -99.9  -99.9  -99.9  28.90 -99.90   79.4 00202 00101
 20200703 1200  -99.9  -99.9  -99.9  -99.9  28.80 -99.90   78.2 00202 00101
 20200704 1200  -99.9  -99.9  -99.9  -99.9  28.80 -99.90   78.7 00202 00101
 20200705 1200  -99.9  -99.9  -99.9  -99.9  28.80 -99.90   78.0 00202 00101
 20200706 1200  -99.9  -99.9  -99.9  -99.9  28.80 -99.90   79.6 00202 00101
 20200707 1200  -99.9  -99.9  -99.9  -99.9  28.80 -99.90   79.5 00202 00101
 20200708 1200  -99.9  -99.9  -99.9  -99.9  28.70 -99.90   80.0 00202 00101
 20200709 1200  -99.9  -99.9  -99.9  -99.9  28.60 -99.90   81.2 00202 00101
 20200710 1200  -99.9  -99.9  -99.9  -99.9  28.50 -99.90   82.7 00202 00101
 20200711 1200  -99.9  -99.9  -99.9  -99.9  28.40 -99.90   81.8 00202 00101
 20200712 1200  -99.9  -99.9  -99.9  -99.9  28.50 -99.90   83.0 00202 00101
 20200713 1200  -99.9  -99.9  -99.9  -99.9  28.50 -99.90   82.9 00202 00101
 20200714 1200  -99.9  -99.9  -99.9  -99.9  28.40 -99.90   82.0 00202 00101
 20200715 1200  -99.9  -99.9  -99.9  -99.9  28.20 -99.90   82.7 00202 00101
 20200716 1200  -99.9  -99.9  -99.9  -99.9  28.40 -99.90   81.4 00202 00101
 20200717 1200  -99.9  -99.9  -99.9  -99.9  28.40 -99.90   80.2 00202 00101
 20200718 1200  -99.9  -99.9  -99.9  -99.9  28.10 -99.90   80.0 00202 00101
 20200719 1200  -99.9  -99.9  -99.9  -99.9  28.00 -99.90   79.1 00202 00101
 20200720 1200  -99.9  -99.9  -99.9  -99.9  27.70 -99.90   81.0 00202 00101
 20200721 1200  -99.9  -99.9  -99.9  -99.9  27.80 -99.90   81.1 00202 00101
 20200722 1200  -99.9  -99.9  -99.9  -99.9  27.90 -99.90   81.5 00202 00101
 20200723 1200  -99.9  -99.9  -99.9  -99.9  27.70 -99.90   82.2 00202 00101
 20200724 1200  -99.9  -99.9  -99.9  -99.9  27.40 -99.90   82.9 00202 00101
 20200725 1200  -99.9  -99.9  -99.9  -99.9  26.80 -99.90   84.5 00202 00101
 20200726 1200  -99.9  -99.9  -99.9  -99.9  27.30 -99.90   83.1 00202 00101
 20200727 1200  -99.9  -99.9  -99.9  -99.9  27.50 -99.90   82.8 00202 00101
 20200728 1200  -99.9  -99.9  -99.9  -99.9  27.60 -99.90   83.2 00202 00101
 20200729 1200  -99.9  -99.9  -99.9  -99.9  27.80 -99.90   83.1 00202 00101
 20200730 1200  -99.9  -99.9  -99.9  -99.9  27.90 -99.90   83.5 00202 00101
 20200731 1200  -99.9  -99.9  -99.9  -99.9  27.90 -99.90   84.3 00202 00101
 20200801 1200  -99.9  -99.9  -99.9  -99.9  27.70 -99.90   84.9 00202 00101
 20200802 1200  -99.9  -99.9  -99.9  -99.9  27.70 -99.90   83.6 00202 00101
 20200803 1200  -99.9  -99.9  -99.9  -99.9  27.90 -99.90   81.2 00202 00101
 20200804 1200  -99.9  -99.9  -99.9  -99.9  27.80 -99.90   81.9 00202 00101
 20200805 1200  -99.9  -99.9  -99.9  -99.9  27.80 -99.90   81.6 00202 00101
 20200806 1200  -99.9  -99.9  -99.9  -99.9  27.60 -99.90  -99.9 00200 00100
 20200807 1200  -99.9  -99.9  -99.9  -99.9  27.40 -99.90  -99.9 00200 00100
 20200808 1200  -99.9  -99.9  -99.9  -99.9  27.10 -99.90  -99.9 00200 00100
 20200809 1200  -99.9  -99.9  -99.9  -99.9  27.10 -99.90  -99.9 00200 00100
 20200810 1200  -99.9  -99.9  -99.9  -99.9  27.10 -99.90  -99.9 00200 00100
 20200811 1200  -99.9  -99.9  -99.9  -99.9  27.00 -99.90  -99.9 00200 00100
 20200812 1200  -99.9  -99.9  -99.9  -99.9  27.00 -99.90  -99.9 00200 00100
 20200813 1200  -99.9  -99.9  -99.9  -99.9  27.00 -99.90  -99.9 00200 00100
 20200814 1200  -99.9  -99.9  -99.9  -99.9  26.90 -99.90  -99.9 00200 00100
 20200815 1200  -99.9  -99.9  -99.9  -99.9  26.80 -99.90  -99.9 00200 00100
 20200816 1200  -99.9  -99.9  -99.9  -99.9  26.90 -99.90  -99.9 00200 00100
 20200817 1200  -99.9  -99.9  -99.9  -99.9  26.80 -99.90  -99.9 00200 00100
 20200818 1200  -99.9  -99.9  -99.9  -99.9  26.70 -99.90  -99.9 00200 00100
 20200819 1200  -99.9  -99.9  -99.9  -99.9  26.80 -99.90  -99.9 00200 00100
 20200820 1200  -99.9  -99.9  -99.9  -99.9  26.90 -99.90  -99.9 00200 00100
 20200821 1200  -99.9  -99.9  -99.9  -99.9  26.90 -99.90  -99.9 00200 00100
 20200822 1200  -99.9  -99.9  -99.9  -99.9  26.80 -99.90  -99.9 00200 00100
 20200823 1200  -99.9  -99.9  -99.9  -99.9  26.60 -99.90  -99.9 00200 00100
 20200824 1200  -99.9  -99.9  -99.9  -99.9  26.70 -99.90  -99.9 00200 00100
 20200825 1200  -99.9  -99.9  -99.9  -99.9  26.70 -99.90  -99.9 00200 00100
 20200826 1200  -99.9  -99.9  -99.9  -99.9  26.60 -99.90  -99.9 00200 00100
 20200827 1200  -99.9  -99.9  -99.9  -99.9  26.60 -99.90  -99.9 00200 00100
 20200828 1200  -99.9  -99.9  -99.9  -99.9  26.70 -99.90  -99.9 00200 00100
 20200829 1200  -99.9  -99.9  -99.9  -99.9  26.60 -99.90  -99.9 00200 00100
 20200830 1200  -99.9  -99.9  -99.9  -99.9  26.60 -99.90  -99.9 00200 00100
 20200831 1200  -99.9  -99.9  -99.9  -99.9  26.60 -99.90  -99.9 00200 00100
 20200901 1200  -99.9  -99.9  -99.9  -99.9  26.90 -99.90  -99.9 00200 00100
 20200902 1200  -99.9  -99.9  -99.9  -99.9  26.80 -99.90  -99.9 00200 00100
 20200903 1200  -99.9  -99.9  -99.9  -99.9  26.50 -99.90  -99.9 00200 00100
 20200904 1200  -99.9  -99.9  -99.9  -99.9  26.90 -99.90  -99.9 00200 00100
 20200905 1200  -99.9  -99.9  -99.9  -99.9  27.30 -99.90  -99.9 00200 00100
 20200906 1200  -99.9  -99.9  -99.9  -99.9  26.90 -99.90  -99.9 00200 00100
 20200907 1200  -99.9  -99.9  -99.9  -99.9  27.00 -99.90  -99.9 00200 00100
 20200908 1200  -99.9  -99.9  -99.9  -99.9  26.40 -99.90  -99.9 00200 00100
 20200909 1200  -99.9  -99.9  -99.9  -99.9  26.40 -99.90  -99.9 00200 00100
 20200910 1200  -99.9  -99.9  -99.9  -99.9  26.30 -99.90  -99.9 00200 00100
 20200911 1200  -99.9  -99.9  -99.9  -99.9  26.30 -99.90  -99.9 00200 00100
 20200912 1200  -99.9  -99.9  -99.9  -99.9  26.10 -99.90  -99.9 00200 00100
 20200913 1200  -99.9  -99.9  -99.9  -99.9  26.20 -99.90  -99.9 00200 00100
 20200914 1200  -99.9  -99.9  -99.9  -99.9  25.80 -99.90  -99.9 00200 00100
 20200915 1200  -99.9  -99.9  -99.9  -99.9  26.10 -99.90  -99.9 00200 00100
 20200916 1200  -99.9  -99.9  -99.9  -99.9  25.50 -99.90  -99.9 00250 00100
 20200917 1200  -99.9  -99.9  -99.9  -99.9  26.20 -99.90  -99.9 00250 00100
 20200918 1200  -99.9  -99.9  -99.9  -99.9  26.10 -99.90  -99.9 00250 00100
 20200919 1200  -99.9  -99.9  -99.9  -99.9  26.10 -99.90  -99.9 00250 00100
 20200920 1200  -99.9  -99.9  -99.9  -99.9  26.10 -99.90  -99.9 00250 00100
 20200921 1200  -99.9  -99.9  -99.9  -99.9  26.60 -99.90  -99.9 00250 00100
 20200922 1200  -99.9  -99.9  -99.9  -99.9  26.50 -99.90  -99.9 00250 00100
 20200923 1200  -99.9  -99.9  -99.9  -99.9  26.60 -99.90  -99.9 00250 00100
 20200924 1200  -99.9  -99.9  -99.9  -99.9  26.70 -99.90  -99.9 00250 00100
 20200925 1200  -99.9  -99.9  -99.9  -99.9  26.60 -99.90  -99.9 00250 00100
 20200926 1200  -99.9  -99.9  -99.9  -99.9  26.90 -99.90  -99.9 00250 00100
 20200927 1200  -99.9  -99.9  -99.9  -99.9  26.80 -99.90  -99.9 00250 00100
 20200928 1200  -99.9  -99.9  -99.9  -99.9  26.70 -99.90  -99.9 00250 00100
 20200929 1200  -99.9  -99.9  -99.9  -99.9  26.30 -99.90  -99.9 00250 00100
 20200930 1200  -99.9  -99.9  -99.9  -99.9  27.00 -99.90  -99.9 00250 00100
 20201001 1200  -99.9  -99.9  -99.9  -99.9  27.00 -99.90  -99.9 00250 00100
 20201002 1200  -99.9  -99.9  -99.9  -99.9  27.00 -99.90  -99.9 00250 00100
 20201003 1200  -99.9  -99.9  -99.9  -99.9  27.10 -99.90  -99.9 00250 00100
 20201004 1200  -99.9  -99.9  -99.9  -99.9  27.10 -99.90  -99.9 00250 00100
 20201005 1200  -99.9  -99.9  -99.9  -99.9  27.20 -99.90  -99.9 00250 00100
 20201006 1200  -99.9  -99.9  -99.9  -99.9  27.20 -99.90  -99.9 00250 00100
 20201007 1200  -99.9  -99.9  -99.9  -99.9  27.50 -99.90  -99.9 00250 00100
 20201008 1200  -99.9  -99.9  -99.9  -99.9  27.40 -99.90  -99.9 00250 00100
 20201009 1200  -99.9  -99.9  -99.9  -99.9  27.80 -99.90  -99.9 00250 00100
 20201010 1200  -99.9  -99.9  -99.9  -99.9  28.10 -99.90  -99.9 00250 00100
 20201011 1200  -99.9  -99.9  -99.9  -99.9  27.90 -99.90  -99.9 00250 00100
 20201012 1200  -99.9  -99.9  -99.9  -99.9  27.70 -99.90  -99.9 00250 00100
 20201013 1200  -99.9  -99.9  -99.9  -99.9  27.90 -99.90  -99.9 00250 00100
 20201014 1200  -99.9  -99.9  -99.9  -99.9  27.70 -99.90  -99.9 00250 00100
 20201015 1200  -99.9  -99.9  -99.9  -99.9  27.60 -99.90  -99.9 00250 00100
 20201016 1200  -99.9  -99.9  -99.9  -99.9  27.60 -99.90  -99.9 00250 00100
 20201017 1200  -99.9  -99.9  -99.9  -99.9  27.50 -99.90  -99.9 00250 00100
 20201018 1200  -99.9  -99.9  -99.9  -99.9  27.50 -99.90  -99.9 00250 00100
 20201019 1200  -99.9  -99.9  -99.9  -99.9  27.50 -99.90  -99.9 00250 00100
 20201020 1200  -99.9  -99.9  -99.9  -99.9  27.20 -99.90  -99.9 00250 00100
