 Location: 15N  65E   1 Jan 2020 to 20 Oct 2020 (  294 times,  1 blocks) Gen. Date Aug 24 2026
 Units: Sea Level Pressure (hPa),  -9.90 = missing
 Time: 1200  1 Jan 2020 to 1200 20 Oct 2020 (index     1 to   294,  294 times)
 Depth (M):        -3 QUALITY and SOURCE
 YYYYMMDD HHMM    SLP Q S
 20200101 1200 1014.5 2 1
 20200102 1200 1016.1 2 1
 20200103 1200 1015.8 2 1
 20200104 1200 1014.3 2 1
 20200105 1200 1012.8 2 1
 20200106 1200 1013.4 2 1
 20200107 1200 1013.8 2 1
 20200108 1200 1014.1 2 1
 20200109 1200 1013.7 2 1
 20200110 1200 1013.0 2 1
 20200111 1200 1013.3 2 1
 20200112 1200 1014.6 2 1
 20200113 1200 1013.8 2 1
 20200114 1200 1013.5 2 1
 20200115 1200 1014.3 2 1
 20200116 1200 1014.8 2 1
 20200117 1200 1015.1 2 1
 20200118 1200 1014.5 2 1
 20200119 1200 1014.7 2 1
 20200120 1200 1014.6 2 1
 20200121 1200 1014.5 2 1
 20200122 1200 1014.9 2 1
 20200123 1200 1014.8 2 1
 20200124 1200 1014.3 2 1
 20200125 1200 1014.4 2 1
 20200126 1200 1013.9 2 1
 20200127 1200 1014.3 2 1
 20200128 1200 1015.0 2 1
 20200129 1200 1016.0 2 1
 20200130 1200 1015.7 2 1
 20200131 1200 1014.2 2 1
 20200201 1200 1014.5 2 1
 20200202 1200 1015.7 2 1
 20200203 1200 1015.4 2 1
 20200204 1200 1014.3 2 1
 20200205 1200 1015.1 2 1
 20200206 1200 1015.4 2 1
 20200207 1200 1015.7 2 1
 20200208 1200 1015.8 2 1
 20200209 1200 1014.4 2 1
 20200210 1200 1012.9 2 1
 20200211 1200 1013.2 2 1
 20200212 1200 1015.6 2 1
 20200213 1200 1015.8 2 1
 20200214 1200 1014.5 2 1
 20200215 1200 1014.2 2 1
 20200216 1200 1014.6 2 1
 20200217 1200 1014.8 2 1
 20200218 1200 1014.8 2 1
 20200219 1200 1013.1 2 1
 20200220 1200 1012.8 2 1
 20200221 1200 1015.1 2 1
 20200222 1200 1015.8 2 1
 20200223 1200 1014.3 2 1
 20200224 1200 1012.8 2 1
 20200225 1200 1012.4 2 1
 20200226 1200 1012.6 2 1
 20200227 1200 1012.5 2 1
 20200228 1200 1011.5 2 1
 20200229 1200 1011.0 2 1
 20200301 1200 1011.9 2 1
 20200302 1200 1013.0 2 1
 20200303 1200 1013.7 2 1
 20200304 1200 1012.8 2 1
 20200305 1200 1011.8 2 1
 20200306 1200 1012.1 2 1
 20200307 1200 1013.1 2 1
 20200308 1200 1012.7 2 1
 20200309 1200 1012.0 2 1
 20200310 1200 1012.4 2 1
 20200311 1200 1013.6 2 1
 20200312 1200 1014.7 2 1
 20200313 1200 1014.9 2 1
 20200314 1200 1013.6 2 1
 20200315 1200 1012.6 2 1
 20200316 1200 1012.6 2 1
 20200317 1200 1013.5 2 1
 20200318 1200 1013.7 2 1
 20200319 1200 1013.5 2 1
 20200320 1200 1012.8 2 1
 20200321 1200 1012.8 2 1
 20200322 1200 1012.9 2 1
 20200323 1200 1012.2 2 1
 20200324 1200 1010.4 2 1
 20200325 1200 1010.4 2 1
 20200326 1200 1011.3 2 1
 20200327 1200 1013.2 2 1
 20200328 1200 1013.0 2 1
 20200329 1200 1011.6 2 1
 20200330 1200 1011.8 2 1
 20200331 1200 1012.7 2 1
 20200401 1200 1012.2 2 1
 20200402 1200 1011.3 2 1
 20200403 1200 1011.7 2 1
 20200404 1200 1012.6 2 1
 20200405 1200 1013.3 2 1
 20200406 1200 1013.0 2 1
 20200407 1200 1012.3 2 1
 20200408 1200 1013.0 2 1
 20200409 1200 1012.4 2 1
 20200410 1200 1012.6 2 1
 20200411 1200 1013.2 2 1
 20200412 1200 1012.5 2 1
 20200413 1200 1011.3 2 1
 20200414 1200 1011.5 2 1
 20200415 1200 1011.4 2 1
 20200416 1200 1010.7 2 1
 20200417 1200 1010.2 2 1
 20200418 1200 1011.1 2 1
 20200419 1200 1010.2 2 1
 20200420 1200 1010.0 2 1
 20200421 1200 1011.2 2 1
 20200422 1200 1010.8 2 1
 20200423 1200 1010.6 2 1
 20200424 1200 1010.1 2 1
 20200425 1200 1010.0 2 1
 20200426 1200 1011.2 2 1
 20200427 1200 1011.9 2 1
 20200428 1200 1011.5 2 1
 20200429 1200 1010.8 2 1
 20200430 1200 1011.5 2 1
 20200501 1200 1011.0 2 1
 20200502 1200 1010.2 2 1
 20200503 1200 1010.2 2 1
 20200504 1200 1011.5 2 1
 20200505 1200 1010.9 2 1
 20200506 1200 1009.6 2 1
 20200507 1200 1009.7 2 1
 20200508 1200 1009.6 2 1
 20200509 1200 1009.6 2 1
 20200510 1200 1009.5 2 1
 20200511 1200 1009.3 2 1
 20200512 1200 1009.0 2 1
 20200513 1200 1008.4 2 1
 20200514 1200 1008.3 2 1
 20200515 1200 1008.4 2 1
 20200516 1200 1008.6 2 1
 20200517 1200 1008.8 2 1
 20200518 1200 1007.3 2 1
 20200519 1200 1006.2 2 1
 20200520 1200 1006.3 2 1
 20200521 1200 1007.7 2 1
 20200522 1200 1008.4 2 1
 20200523 1200 1008.9 2 1
 20200524 1200 1009.4 2 1
 20200525 1200 1009.9 2 1
 20200526 1200 1010.1 2 1
 20200527 1200 1009.4 2 1
 20200528 1200 1008.2 2 1
 20200529 1200 1008.1 2 1
 20200530 1200 1008.5 2 1
 20200531 1200 1008.7 2 1
 20200601 1200 1008.1 2 1
 20200602 1200 1006.0 2 1
 20200603 1200 1005.4 2 1
 20200604 1200 1005.8 2 1
 20200605 1200 1005.5 2 1
 20200606 1200 1004.8 2 1
 20200607 1200 1004.7 2 1
 20200608 1200 1005.4 2 1
 20200609 1200 1005.9 2 1
 20200610 1200 1005.2 2 1
 20200611 1200 1003.5 2 1
 20200612 1200 1001.8 2 1
 20200613 1200 1002.1 2 1
 20200614 1200 1003.9 2 1
 20200615 1200 1003.4 2 1
 20200616 1200 1001.9 2 1
 20200617 1200 1001.3 2 1
 20200618 1200 1003.0 2 1
 20200619 1200 1004.4 2 1
 20200620 1200 1004.8 2 1
 20200621 1200 1004.1 2 1
 20200622 1200 1002.3 2 1
 20200623 1200 1003.2 2 1
 20200624 1200 1004.0 2 1
 20200625 1200 1003.4 2 1
 20200626 1200 1003.9 2 1
 20200627 1200 1005.1 2 1
 20200628 1200 1005.3 2 1
 20200629 1200 1004.4 2 1
 20200630 1200 1002.8 2 1
 20200701 1200 1002.2 2 1
 20200702 1200 1003.2 2 1
 20200703 1200 1004.2 2 1
 20200704 1200 1003.3 2 1
 20200705 1200 1002.1 2 1
 20200706 1200 1002.2 2 1
 20200707 1200 1003.7 2 1
 20200708 1200 1004.6 2 1
 20200709 1200 1003.7 2 1
 20200710 1200 1004.2 2 1
 20200711 1200 1004.3 2 1
 20200712 1200 1004.6 2 1
 20200713 1200 1004.0 2 1
 20200714 1200 1004.5 2 1
 20200715 1200 1003.7 2 1
 20200716 1200 1001.0 2 1
 20200717 1200  999.9 2 1
 20200718 1200 1002.2 2 1
 20200719 1200 1005.0 2 1
 20200720 1200 1004.2 2 1
 20200721 1200 1004.8 2 1
 20200722 1200 1006.4 2 1
 20200723 1200 1006.2 2 1
 20200724 1200 1006.5 2 1
 20200725 1200 1007.2 2 1
 20200726 1200 1008.2 2 1
 20200727 1200 1008.5 2 1
 20200728 1200 1007.9 2 1
 20200729 1200 1006.2 2 1
 20200730 1200 1005.1 2 1
 20200731 1200 1004.4 2 1
 20200801 1200 1004.0 2 1
 20200802 1200 1003.5 2 1
 20200803 1200 1002.4 2 1
 20200804 1200 1000.2 2 1
 20200805 1200  999.4 2 1
 20200806 1200 1000.7 2 1
 20200807 1200 1003.0 2 1
 20200808 1200 1004.8 2 1
 20200809 1200 1004.4 2 1
 20200810 1200 1004.7 2 1
 20200811 1200 1006.7 2 1
 20200812 1200 1007.9 2 1
 20200813 1200 1005.0 2 1
 20200814 1200 1002.9 2 1
 20200815 1200 1003.4 2 1
 20200816 1200 1004.6 2 1
 20200817 1200 1004.1 2 1
 20200818 1200 1005.1 2 1
 20200819 1200 1004.7 2 1
 20200820 1200 1003.9 2 1
 20200821 1200 1005.1 2 1
 20200822 1200 1006.2 2 1
 20200823 1200 1006.7 2 1
 20200824 1200 1007.1 2 1
 20200825 1200 1008.5 2 1
 20200826 1200 1008.6 2 1
 20200827 1200 1007.4 2 1
 20200828 1200 1006.4 2 1
 20200829 1200 1006.6 2 1
 20200830 1200 1006.9 2 1
 20200831 1200 1008.4 2 1
 20200901 1200 1010.0 2 1
 20200902 1200 1009.6 2 1
 20200903 1200 1008.5 2 1
 20200904 1200 1007.7 2 1
 20200905 1200 1006.6 2 1
 20200906 1200 1006.6 2 1
 20200907 1200 1008.4 2 1
 20200908 1200 1009.3 2 1
 20200909 1200 1007.4 2 1
 20200910 1200 1005.6 2 1
 20200911 1200 1005.6 2 1
 20200912 1200 1007.4 2 1
 20200913 1200 1007.7 2 1
 20200914 1200 1006.9 2 1
 20200915 1200 1006.6 2 1
 20200916 1200 1007.1 2 1
 20200917 1200 1008.2 2 1
 20200918 1200 1007.3 2 1
 20200919 1200 1005.5 2 1
 20200920 1200 1004.8 2 1
 20200921 1200 1005.2 2 1
 20200922 1200 1005.7 2 1
 20200923 1200 1006.6 2 1
 20200924 1200 1008.7 2 1
 20200925 1200 1009.0 2 1
 20200926 1200 1008.9 2 1
 20200927 1200 1009.6 2 1
 20200928 1200 1010.0 2 1
 20200929 1200 1009.4 2 1
 20200930 1200 1009.7 2 1
 20201001 1200 1010.1 2 1
 20201002 1200 1010.0 2 1
 20201003 1200 1010.3 2 1
 20201004 1200 1011.0 2 1
 20201005 1200 1010.2 2 1
 20201006 1200 1010.2 2 1
 20201007 1200 1010.9 2 1
 20201008 1200 1010.3 2 1
 20201009 1200 1009.9 2 1
 20201010 1200 1009.7 2 1
 20201011 1200 1008.6 2 1
 20201012 1200 1006.9 2 1
 20201013 1200 1006.3 2 1
 20201014 1200 1007.1 2 1
 20201015 1200 1006.8 2 1
 20201016 1200 1005.0 2 1
 20201017 1200 1004.5 2 1
 20201018 1200 1005.4 2 1
 20201019 1200 1007.3 2 1
 20201020 1200 1008.5 2 1
