 Location:  8N  67E   1 Jan 2020 to 27 Sep 2025 ( 2097 times,  4 blocks) Gen. Date Aug 24 2026
 Units: Winds (m/s), W. Dir (deg), AirT (C), SST (C), Rel. Humidity (%), -99.9 = missing
 Winds Use Oceanographic Convention:(1,1) is NE at sqrt(2) m/s
 Time: 1200  1 Jan 2020 to 1200  7 Jun 2021 (index     1 to   524,  524 times)
 Depth (M):        -4     -4     -4     -4     -3      1     -3 QUALITY SOURCE
 YYYYMMDD HHMM   UWND   VWND   WSPD   WDIR   AIRT    SST     RH SDATH SDATH
 20200101 1200   -4.2   -0.4    4.2  264.6  28.33  29.32   78.7 22222 11111
 20200102 1200   -5.3   -0.8    5.4  260.9  29.02  29.34   76.7 22222 11111
 20200103 1200   -4.8   -1.9    5.2  249.1  28.97  29.33   78.3 22222 11111
 20200104 1200   -4.6   -4.8    6.7  223.7  28.73  29.22   78.3 22222 11111
 20200105 1200   -4.9   -3.9    6.2  231.8  28.54  29.17   73.1 22222 11111
 20200106 1200   -4.0   -2.9    4.9  234.5  28.37  29.20   70.3 22222 11111
 20200107 1200   -2.9   -4.0    5.0  215.8  28.27  29.19   71.9 22222 11111
 20200108 1200   -3.2   -4.8    5.8  214.0  28.33 -99.90   72.7 22202 11101
 20200109 1200   -4.2   -4.6    6.3  222.5  28.21 -99.90   70.3 22202 11101
 20200110 1200   -3.7   -3.7    5.2  225.7  28.20  29.13   70.7 22222 11111
 20200111 1200   -5.5   -0.7    5.5  263.3  28.71 -99.90   75.5 22202 11101
 20200112 1200   -5.2   -2.3    5.7  246.5  28.72  29.14   70.7 22222 11111
 20200113 1200   -2.3   -6.5    6.9  199.6  27.70  28.99   75.5 22222 11111
 20200114 1200   -3.1   -6.9    7.6  204.1  28.20  28.99   68.3 22222 11111
 20200115 1200   -3.7   -4.6    5.9  218.3  28.25 -99.90   68.7 22202 11101
 20200116 1200   -4.5   -7.0    8.3  212.7  28.14  28.87   74.3 22222 11111
 20200117 1200   -5.9   -6.0    8.4  224.4  27.90  28.88   78.7 22222 11111
 20200118 1200   -6.3   -5.3    8.2  230.3  28.23  28.82   76.3 22222 11111
 20200119 1200   -6.2   -4.7    7.8  233.0  28.25  28.81   75.9 22222 11111
 20200120 1200   -5.1   -3.5    6.2  235.9  28.48  28.84   79.1 22222 11111
 20200121 1200   -6.5   -2.5    7.0  249.1  28.49  28.84   81.9 22222 11111
 20200122 1200   -7.1   -2.1    7.4  253.5  28.84  28.83   79.1 22222 11111
 20200123 1200   -5.2   -4.5    6.9  229.6  28.66  28.84   81.1 22222 11111
 20200124 1200   -4.2   -4.8    6.4  221.2  28.58  28.85   80.3 22222 11111
 20200125 1200   -3.4   -3.1    4.6  228.0  28.39  28.86   76.7 22222 11111
 20200126 1200   -2.2   -3.3    3.9  213.8  28.41  29.03   68.7 22222 11111
 20200127 1200   -1.1   -4.4    4.5  193.4  28.09  28.97   67.5 22222 11111
 20200128 1200   -2.7   -4.4    5.2  211.2  28.27  28.98   73.5 22222 11111
 20200129 1200   -5.7   -3.9    6.9  235.7  28.35  29.05   77.9 22222 11111
 20200130 1200   -5.7   -2.9    6.4  243.3  28.79  29.15   75.1 22222 11111
 20200131 1200   -6.2   -4.5    7.7  234.2  28.49  29.16   76.3 22222 11111
 20200201 1200   -5.6   -4.5    7.2  231.6  28.14  29.14   73.5 22222 11111
 20200202 1200   -4.6   -2.5    5.2  241.9  28.12  29.16   71.5 22222 11111
 20200203 1200   -3.9   -4.4    5.9  221.1  28.11  29.15   69.5 22222 11111
 20200204 1200   -3.7   -3.9    5.4  224.1  27.64  29.12   72.7 22222 11111
 20200205 1200   -3.8   -3.1    4.9  231.1  26.37  28.90   82.7 22222 11111
 20200206 1200   -4.9   -4.3    6.5  228.8  28.35  28.96   79.1 22222 11111
 20200207 1200   -5.2   -2.7    5.8  242.7  27.89  28.94   79.5 22222 11111
 20200208 1200   -4.8   -2.7    5.5  240.9  27.25  28.92   82.7 22222 11111
 20200209 1200   -5.5   -4.1    6.8  233.3  27.28  28.76   79.9 22222 11111
 20200210 1200   -4.8    0.6    4.8  277.4  26.31  28.82   85.9 22222 11111
 20200211 1200   -6.5   -0.3    6.5  267.5  27.75  28.79   84.3 22222 11111
 20200212 1200   -5.1   -0.4    5.1  265.2  28.53  28.96   77.5 22222 11111
 20200213 1200   -4.6   -4.7    6.6  225.0  28.41  28.85   76.7 22222 11111
 20200214 1200   -2.6   -5.2    5.8  206.8  28.31  28.91   75.9 22222 11111
 20200215 1200   -2.2   -4.8    5.3  205.1  28.27  28.94   72.7 22222 11111
 20200216 1200   -2.9   -4.2    5.1  214.4  28.31  28.89   71.9 22222 11111
 20200217 1200   -4.9   -3.3    5.9  236.5  28.59  28.78   77.1 22222 11111
 20200218 1200   -5.7   -3.7    6.8  237.1  28.55  28.98   77.5 22222 11111
 20200219 1200   -5.2   -3.1    6.0  239.2  28.36  28.96   69.5 22222 11111
 20200220 1200   -5.5    0.0    5.5  269.6  28.88  29.14   62.8 22222 11111
 20200221 1200   -5.2   -2.3    5.7  246.5  28.70  29.13   66.8 22222 11111
 20200222 1200   -5.0   -4.5    6.7  228.6  28.69  29.09   76.3 22222 11111
 20200223 1200   -5.6   -4.3    7.1  232.9  28.56  29.08   77.9 22222 11111
 20200224 1200   -5.0   -2.7    5.7  241.9  28.68  29.08   77.9 22222 11111
 20200225 1200   -4.8   -3.1    5.7  237.2  28.58  29.14   74.3 22222 11111
 20200226 1200   -2.8   -2.9    4.0  224.6  28.60  29.26   71.1 22222 11111
 20200227 1200   -2.5   -4.0    4.8  211.9  28.30  29.19   73.5 22222 11111
 20200228 1200    0.0   -4.6    4.6  180.1  28.12  29.20   69.1 22222 11111
 20200229 1200   -2.6   -3.5    4.3  216.6  28.02  29.16   69.9 22222 11111
 20200301 1200   -1.5   -0.8    1.7  240.9  28.51  29.45   65.6 22222 11111
 20200302 1200   -1.0   -1.3    1.6  216.2  28.49  29.53   64.4 22222 11111
 20200303 1200    0.3   -1.9    1.9  170.4  28.76  29.76   65.6 22222 11111
 20200304 1200   -1.1   -3.5    3.6  198.1  28.60  29.50   71.5 22222 11111
 20200305 1200   -0.3   -3.6    3.6  184.2  28.51  29.58   70.3 22222 11111
 20200306 1200    1.2   -3.4    3.6  160.2  28.04  29.53   66.4 22222 11111
 20200307 1200   -0.8   -2.9    3.0  194.6  27.92  29.53   68.3 22222 11111
 20200308 1200   -0.5   -1.1    1.3  204.1  28.27  29.62   73.1 22222 11111
 20200309 1200   -1.9    0.6    2.0  288.1  28.78  29.60   68.7 22222 11111
 20200310 1200   -1.5   -2.1    2.6  215.4  28.77  29.66   71.9 22222 11111
 20200311 1200   -3.2   -2.9    4.3  228.4  28.95  29.73   73.9 22222 11111
 20200312 1200   -4.1   -3.7    5.5  228.5  28.18  29.63   79.5 22222 11111
 20200313 1200   -5.1   -4.3    6.6  229.9  28.98  29.59   75.5 22222 11111
 20200314 1200   -2.8   -6.2    6.8  204.1  28.61  29.53   73.9 22222 11111
 20200315 1200   -1.0   -5.6    5.6  190.0  28.49  29.45   71.9 22222 11111
 20200316 1200   -4.1   -1.6    4.4  248.2  28.16  29.54   78.3 22222 11111
 20200317 1200   -5.8   -2.5    6.3  246.7  29.17  29.53   77.1 22222 11111
 20200318 1200   -4.6   -3.3    5.6  234.4  28.93  29.52   79.9 22222 11111
 20200319 1200   -3.3    0.9    3.4  285.9  27.49  29.22   83.9 22222 11111
 20200320 1200   -2.9   -2.0    3.6  234.8  29.05  29.49   79.5 22222 11111
 20200321 1200   -4.4   -2.7    5.2  238.9  29.22  29.55   73.9 22222 11111
 20200322 1200   -4.0   -3.1    5.0  232.5  29.04  29.54   71.5 22222 11111
 20200323 1200   -1.9   -4.0    4.5  205.3  28.79  29.57   69.9 22222 11111
 20200324 1200   -1.4   -2.9    3.2  205.8  28.92  29.75   70.7 22222 11111
 20200325 1200   -1.6   -2.9    3.3  209.1  29.08  29.85   72.7 22222 11111
 20200326 1200   -3.5   -3.7    5.1  224.1  29.30  29.77   77.1 22222 11111
 20200327 1200   -5.2   -2.5    5.8  244.6  29.40  29.95   77.5 22222 11111
 20200328 1200   -3.1   -3.7    4.8  220.8  29.66  30.07   74.3 22222 11111
 20200329 1200   -3.2   -2.7    4.2  230.6  29.53  30.15   73.9 22222 11111
 20200330 1200   -3.0   -3.1    4.3  224.5  29.50  30.22   73.5 22222 11111
 20200331 1200   -3.0   -3.1    4.3  224.5  29.50  30.28   72.3 22222 11111
 20200401 1200   -2.3   -3.9    4.5  211.2  29.44  30.27   71.1 22222 11111
 20200402 1200   -2.8   -3.1    4.2  222.5  29.52  30.27   69.5 22222 11111
 20200403 1200   -2.4   -3.3    4.0  216.2  29.64  30.39   70.7 22222 11111
 20200404 1200   -1.7   -4.2    4.6  201.7  29.50  30.39   71.9 22222 11111
 20200405 1200   -1.8   -2.7    3.2  214.4  29.46  30.43   67.9 22222 11111
 20200406 1200   -2.0   -1.2    2.4  238.4  29.83  30.80   71.9 22222 11111
 20200407 1200   -0.8   -1.1    1.4  214.4  29.70  30.83   72.7 22222 11111
 20200408 1200   -1.2   -2.3    2.6  208.5  29.81  30.98   73.1 22222 11111
 20200409 1200   -2.7   -4.0    4.9  213.9  29.63  30.66   74.3 22222 11111
 20200410 1200   -4.0   -2.7    4.8  236.5  29.59  30.59   68.3 22222 11111
 20200411 1200   -4.4   -2.5    5.1  240.9  29.89  30.56   69.9 22222 11111
 20200412 1200   -4.1   -2.0    4.6  243.3  29.99  30.62   73.1 22222 11111
 20200413 1200   -4.0   -3.3    5.1  230.6  29.98  30.64   75.1 22222 11111
 20200414 1200   -2.2   -3.1    3.8  215.7  30.01  30.84   73.1 22222 11111
 20200415 1200   -0.8   -2.1    2.3  201.5  29.91  31.03   72.3 22222 11111
 20200416 1200   -1.2   -2.5    2.8  206.1  30.04  31.12   70.3 22222 11111
 20200417 1200   -3.5   -2.0    4.0  239.6  30.06  30.97   71.5 22222 11111
 20200418 1200   -4.5   -3.7    5.8  231.0  30.18  30.78   73.1 22222 11111
 20200419 1200   -4.4   -2.5    5.1  240.9  30.23  30.79   76.7 22222 11111
 20200420 1200   -2.6   -1.2    2.9  244.9  29.82  30.78   78.3 22222 11111
 20200421 1200    1.4   -0.5    1.4  109.3  30.03  31.22   73.1 22222 11111
 20200422 1200    1.7   -0.2    1.8   95.6  28.94  30.74   77.5 22222 11111
 20200423 1200    0.3   -1.1    1.2  163.5  30.24  31.31   70.7 22222 11111
 20200424 1200    0.5    2.9    2.9   10.5  30.41  31.25   71.1 22222 11111
 20200425 1200    2.9   -1.6    3.3  119.1  30.01  30.99   75.9 22222 11111
 20200426 1200    2.7   -1.6    3.1  121.2  30.05  31.22   75.5 22222 11111
 20200427 1200   -0.3   -3.6    3.6  184.2  30.14  31.18   72.7 22222 11111
 20200428 1200   -0.5   -3.5    3.5  188.1  30.36  31.14   69.5 22222 11111
 20200429 1200   -2.2   -3.5    4.1  212.0  30.23  31.11   68.3 22222 11111
 20200430 1200   -1.4   -2.9    3.2  205.8  30.34  31.31   66.8 22222 11111
 20200501 1200   -1.2   -2.9    3.1  202.3  30.32  31.29   67.9 22222 11111
 20200502 1200    1.2   -3.8    3.9  162.0  30.01  31.23   67.5 22222 11111
 20200503 1200    0.4   -3.2    3.2  173.7  29.98  31.26   65.2 22222 11111
 20200504 1200    2.1   -2.7    3.4  142.8  30.09  31.29   67.1 22222 11111
 20200505 1200    3.1   -2.8    4.2  132.5  30.16  31.13   75.5 22222 11111
 20200506 1200    1.2   -4.1    4.3  163.5  30.53  31.22   75.1 22222 11111
 20200507 1200    1.6   -4.5    4.8  159.8  30.53  31.25   71.9 22222 11111
 20200508 1200    1.0   -3.4    3.5  163.5  30.67  31.32   71.5 22222 11111
 20200509 1200    0.0   -4.0    4.0  180.5  30.68  31.40   75.1 22222 11111
 20200510 1200    1.2   -4.7    4.9  165.2  30.55  31.31   73.9 22222 11111
 20200511 1200    1.0   -4.3    4.5  166.7  30.43  31.30   70.3 22222 11111
 20200512 1200    2.0   -3.5    4.0  149.6  30.40  31.34   67.9 22222 11111
 20200513 1200    1.2   -4.5    4.7  164.7  30.61  31.24   69.9 22222 11111
 20200514 1200    6.0   -2.2    6.3  110.0  30.62  31.19   72.3 22222 11111
 20200515 1200    2.9   -2.4    3.8  130.2  29.72  30.85   73.1 22222 11111
 20200516 1200    3.5   -4.5    5.7  142.7  30.68  30.91   71.5 22222 11111
 20200517 1200    6.4    0.7    6.5   83.9  29.67  30.92   75.9 22222 11111
 20200518 1200    5.8   -2.4    6.2  112.4  30.50  30.77   71.9 22222 11111
 20200519 1200    6.8    0.5    6.8   85.8  30.22  30.72   76.3 22222 11111
 20200520 1200    7.8    0.9    7.8   83.1  29.22  30.65   81.1 22222 11111
 20200521 1200    3.7   -2.5    4.5  124.9  29.80  30.57   72.3 22222 11111
 20200522 1200    4.4    0.0    4.4   90.2  30.05  30.62   72.3 22222 11111
 20200523 1200    6.2    4.3    7.5   55.5  28.62  30.55   80.3 22222 11111
 20200524 1200    7.8    0.9    7.8   83.1  29.08  30.37   79.1 22222 11111
 20200525 1200    4.6   -1.0    4.7  102.8  29.83  30.45   75.5 22222 11111
 20200526 1200    4.6   -0.8    4.7  100.3  29.83  30.48   75.5 22222 11111
 20200527 1200    6.1    0.3    6.1   87.5  29.99  30.50   75.9 22222 11111
 20200528 1200    5.7    0.2    5.7   87.5  27.71  30.29   84.7 22222 11111
 20200529 1200    5.3   -0.2    5.3   91.9  29.53  30.32   78.3 22222 11111
 20200530 1200    3.6   -1.1    3.8  106.9  28.98  30.31   79.5 22222 11111
 20200531 1200    5.0    0.0    5.0   89.9  29.55  30.39   77.9 22222 11111
 20200601 1200    4.7    0.6    4.8   82.5  28.08  30.02   80.7 22222 11111
 20200602 1200    6.3   -0.9    6.4   98.5  28.76  30.07   79.1 22222 11111
 20200603 1200    6.8    0.1    6.8   89.2  29.01  30.28   78.7 22222 11111
 20200604 1200    6.2    2.3    6.6   69.6  29.53  30.32   80.3 22222 11111
 20200605 1200    5.6    2.7    6.2   64.3  28.81  30.22   79.9 22222 11111
 20200606 1200    5.6    4.5    7.2   51.6  29.42  30.09   79.9 22222 11111
 20200607 1200    4.9    3.7    6.1   53.3  29.61  30.01   79.5 22222 11111
 20200608 1200    5.4    2.7    6.0   63.5  29.98  30.08   78.7 22222 11111
 20200609 1200    5.2    1.7    5.5   72.4  30.00  30.25   77.5 22222 11111
 20200610 1200    5.5    1.1    5.6   79.1  30.04  30.28   77.9 22222 11111
 20200611 1200    6.2    1.5    6.4   76.5  30.05  30.28   76.7 22222 11111
 20200612 1200    7.8    0.1    7.8   89.0  30.23  30.25   76.3 22222 11111
 20200613 1200    8.4    2.8    8.8   71.9  30.07  30.17   76.7 22222 11111
 20200614 1200    8.9    1.0    8.9   83.7  30.34  30.15   74.3 22222 11111
 20200615 1200    9.5    0.4    9.5   87.5  30.30  30.14   74.3 22222 11111
 20200616 1200    9.2    1.4    9.3   81.4  30.26  30.06   75.5 22222 11111
 20200617 1200    8.8    3.2    9.3   70.2  29.86  29.99   77.9 22222 11111
 20200618 1200    7.6    3.3    8.3   66.5  29.32  29.92   78.7 22222 11111
 20200619 1200    6.5    3.1    7.2   64.5  29.84  29.91   75.9 22222 11111
 20200620 1200    6.2    4.1    7.5   56.8  29.54  29.87   76.7 22222 11111
 20200621 1200    7.0    3.3    7.8   64.9  29.86  29.84   76.7 22222 11111
 20200622 1200    7.7    2.7    8.1   70.4  29.93  29.83   74.7 22222 11111
 20200623 1200    7.3    2.7    7.8   69.5  29.96  29.79   75.9 22222 11111
 20200624 1200    7.8    2.7    8.3   70.8  29.72  29.71   77.1 22222 11111
 20200625 1200    4.2    3.3    5.3   52.0  26.77  29.47   86.3 22222 11111
 20200626 1200    5.6    1.9    5.9   71.5  28.16  29.39   83.5 22222 11111
 20200627 1200    6.2    1.9    6.5   73.0  29.30  29.42   80.3 22222 11111
 20200628 1200    5.7    0.1    5.7   89.5  29.46  29.51   79.5 22222 11111
 20200629 1200    4.9    0.6    5.0   82.7  29.41  29.57   79.1 22222 11111
 20200630 1200    4.3    3.7    5.7   49.8  29.47  29.59   79.9 22222 11111
 20200701 1200    3.8    5.0    6.3   37.3  29.02  29.53   81.5 22222 11111
 20200702 1200    6.1    2.7    6.7   66.3  29.26  29.48   79.1 22222 11111
 20200703 1200    5.7    0.9    5.7   81.4  29.18  29.60   78.7 22222 11111
 20200704 1200    7.3   -1.1    7.3   98.5  28.98  29.60   79.1 22222 11111
 20200705 1200    7.0    1.7    7.2   76.2  28.90  29.46   79.9 22222 11111
 20200706 1200    5.3    3.7    6.4   55.3  29.09  29.36   79.5 22222 11111
 20200707 1200    4.7    4.2    6.3   47.7  29.17  29.41   79.5 22222 11111
 20200708 1200    4.4    2.7    5.2   58.9  29.10  29.54   77.9 22222 11111
 20200709 1200    3.5    3.7    5.1   44.1  29.19  29.59   79.1 22222 11111
 20200710 1200    2.0    5.6    5.9   19.7  29.34  29.56   80.3 22222 11111
 20200711 1200    3.3    4.4    5.5   36.5  28.02  29.46   82.3 22222 11111
 20200712 1200    1.1    3.5    3.6   18.1  27.84  29.44   81.5 22222 11111
 20200713 1200    3.2    1.4    3.5   65.7  28.53  29.50   77.1 22222 11111
 20200714 1200    4.4   -0.2    4.4   92.9  28.95  29.54   78.3 22222 11111
 20200715 1200    6.5    2.3    6.9   70.6  29.31  29.51   79.1 22222 11111
 20200716 1200    7.7    2.7    8.1   70.4  29.15  29.48   80.3 22222 11111
 20200717 1200    9.6    2.4    9.9   76.0  28.95  29.45   79.1 22222 11111
 20200718 1200    9.0    2.6    9.3   74.0  28.33  29.22   78.7 22222 11111
 20200719 1200    9.4    2.2    9.7   76.9  26.60  29.05   82.3 22222 11111
 20200720 1200    8.3   -2.4    8.6  106.3  27.23  28.97   80.3 22222 11111
 20200721 1200    6.3   -2.3    6.8  110.2  28.79  28.91   78.3 22222 11111
 20200722 1200    6.9   -1.3    7.0  100.7  27.51  28.83   81.1 22222 11111
 20200723 1200    7.7   -3.2    8.4  112.8  28.45  28.75   75.5 22222 11111
 20200724 1200    5.3   -0.4    5.4   94.1  27.50  28.67   78.7 22222 11111
 20200725 1200    5.1    1.7    5.3   71.9  28.55  28.73   74.3 22222 11111
 20200726 1200    3.3    1.6    3.7   63.9  27.73  28.73   77.9 22222 11111
 20200727 1200    3.6   -1.1    3.8  106.9  28.42  28.87   77.1 22222 11111
 20200728 1200    4.8   -0.6    4.8   97.4  28.60  28.97   75.9 22222 11111
 20200729 1200    7.0    1.7    7.2   76.2  28.41  28.78   78.7 22222 11111
 20200730 1200    7.9    0.9    8.0   83.2  28.68  28.63   80.7 22222 11111
 20200731 1200    7.1    1.9    7.4   75.0  28.73  28.66   80.7 22222 11111
 20200801 1200    7.8    4.1    8.8   62.1  28.80  28.62   79.9 22222 11111
 20200802 1200    7.4    4.3    8.5   59.7  28.49  28.58   81.1 22222 11111
 20200803 1200    7.2    4.1    8.3   60.3  28.57  28.60   79.1 22222 11111
 20200804 1200    8.0    2.7    8.5   71.2  28.66  28.60   81.9 22222 11111
 20200805 1200    9.9    3.2   10.4   72.2  28.48  28.60   82.7 22222 11111
 20200806 1200    8.9    4.1    9.8   65.1  28.76  28.50   79.9 22222 11111
 20200807 1200    6.3    6.2    8.8   45.2  28.62  28.48   81.1 22222 11111
 20200808 1200    6.3    5.7    8.5   48.2  28.22  28.47   80.3 22222 11111
 20200809 1200    8.3    4.3    9.4   62.6  28.50  28.43   74.3 22222 11111
 20200810 1200    7.3    2.9    7.8   68.1  28.39  28.37   74.7 22222 11111
 20200811 1200    4.7    3.7    6.0   52.2  28.39  28.39   78.7 22222 11111
 20200812 1200    3.8    1.2    3.9   72.0  28.25  28.53   78.3 22222 11111
 20200813 1200    4.9    0.6    5.0   82.7  28.17  28.53   78.3 22222 11111
 20200814 1200    5.5    3.7    6.6   56.2  28.43  28.46   76.3 22222 11111
 20200815 1200    4.7    3.5    5.9   53.8  28.15  28.43   81.9 22222 11111
 20200816 1200    5.2    1.7    5.5   72.4  28.43  28.54   81.9 22222 11111
 20200817 1200    4.4    3.1    5.3   55.0  28.52  28.68   79.9 22222 11111
 20200818 1200    2.2    3.1    3.8   35.7  28.43  28.80   79.9 22222 11111
 20200819 1200    2.4    1.6    2.9   55.0  28.64  29.17   78.7 22222 11111
 20200820 1200    3.1    1.8    3.6   59.4  28.79  29.12   79.5 22222 11111
 20200821 1200    2.8    2.9    4.0   44.6  28.79  29.07   81.1 22222 11111
 20200822 1200    3.7    2.0    4.2   60.9  28.42  29.06   81.1 22222 11111
 20200823 1200    5.0   -0.6    5.0   97.0  28.63  29.07   75.1 22222 11111
 20200824 1200    2.7   -0.8    2.8  105.9  28.48  29.20   75.5 22222 11111
 20200825 1200    2.7   -0.6    2.8  101.5  28.20  29.23   78.7 22222 11111
 20200826 1200    4.0   -0.2    4.0   93.5  28.61  29.16   74.3 22222 11111
 20200827 1200    4.2    0.0    4.2   90.4  28.51  29.19   74.7 22222 11111
 20200828 1200    2.7    1.9    3.3   55.9  28.68  29.43   74.7 22222 11111
 20200829 1200    3.0    2.7    4.0   48.8  28.88  29.47   74.3 22222 11111
 20200830 1200    3.0    1.4    3.3   64.3  28.85  29.63   71.9 22222 11111
 20200831 1200    3.2    0.1    3.2   87.5  28.75  29.79   71.9 22222 11111
 20200901 1200    5.0   -1.8    5.3  110.1  28.73  29.50   74.7 22222 11111
 20200902 1200    4.0   -4.3    5.9  136.7  27.94  29.17   79.1 22222 11111
 20200903 1200    6.4   -5.5    8.4  130.6  28.41  28.86   78.3 22222 11111
 20200904 1200    5.6   -5.2    7.6  132.5  28.02  28.67   80.7 22222 11111
 20200905 1200    8.6   -2.4    9.0  105.5  26.40  28.53   83.9 22222 11111
 20200906 1200    8.7    0.4    8.7   87.5  27.14  28.35   79.5 22222 11111
 20200907 1200    7.3   -2.1    7.6  105.9  27.76  28.31   79.9 22222 11111
 20200908 1200    7.5   -3.3    8.2  113.4  28.10  28.35   78.3 22222 11111
 20200909 1200    7.1   -2.1    7.4  106.4  28.00  28.36   77.9 22222 11111
 20200910 1200    7.4    1.1    7.5   81.3  28.20  28.38   77.1 22222 11111
 20200911 1200    6.2    2.3    6.6   69.6  28.17  28.35   78.7 22222 11111
 20200912 1200    3.2    3.3    4.6   44.4  28.06  28.39   80.3 22222 11111
 20200913 1200    3.1    1.8    3.6   59.4  27.27  28.25   82.7 22222 11111
 20200914 1200    3.5    1.8    4.0   62.3  27.64  28.35   83.5 22222 11111
 20200915 1200    3.6    2.5    4.4   56.1  28.33  28.60   83.1 22222 11111
 20200916 1200    4.3    1.4    4.5   71.5  27.71  28.39   81.9 22222 11111
 20200917 1200    4.4    0.4    4.4   84.8  27.42  28.39   82.7 22222 11111
 20200918 1200    5.7    1.3    5.8   77.4  28.43  28.44   81.1 22222 11111
 20200919 1200    6.3    3.3    7.1   62.4  28.46  28.42   80.7 22222 11111
 20200920 1200    7.2    3.5    8.0   64.1  28.58  28.44   80.3 22222 11111
 20200921 1200    8.5    3.9    9.4   65.2  28.28  28.38   80.7 22222 11111
 20200922 1200    8.0    3.1    8.6   68.7  28.55  28.36   78.7 22222 11111
 20200923 1200    6.4    0.9    6.5   82.1  28.39  28.38   79.1 22222 11111
 20200924 1200    4.7    1.2    4.9   75.2  28.20  28.52   78.7 22222 11111
 20200925 1200    4.0    0.4    4.0   84.5  28.06  28.68   78.7 22222 11111
 20200926 1200    3.3   -2.4    4.0  126.2  27.24  28.48   78.7 22222 11111
 20200927 1200    0.0   -4.4    4.4  180.2  27.84  28.64   78.3 22222 11111
 20200928 1200   -0.5   -3.3    3.3  188.8  27.94  28.75   75.1 22222 11111
 20200929 1200    1.0   -2.2    2.5  155.7  27.77  28.96   73.9 22222 11111
 20200930 1200    1.9   -2.3    3.0  141.5  27.90  29.07   72.3 22222 11111
 20201001 1200    1.8   -3.5    4.0  152.3  28.07  28.90   72.3 22222 11111
 20201002 1200    2.1   -2.7    3.4  142.8  27.94  28.87   71.1 22222 11111
 20201003 1200    2.5    0.3    2.5   82.3  27.99  29.04   70.3 22222 11111
 20201004 1200    2.7   -0.6    2.8  101.5  28.22  29.19   71.5 22222 11111
 20201005 1200    2.5   -3.5    4.2  144.6  28.16  28.98   71.5 22222 11111
 20201006 1200    1.9   -1.7    2.5  132.5  27.92  29.12   70.3 22222 11111
 20201007 1200    1.7   -2.2    2.7  142.5  28.12  29.16   73.5 22222 11111
 20201008 1200    0.6   -1.9    2.0  163.5  28.62  29.50   74.7 22222 11111
 20201009 1200    0.6   -1.9    2.0  163.5  28.62  29.60   75.5 22222 11111
 20201010 1200    2.7    0.1    2.7   87.5  28.70  29.54   73.9 22222 11111
 20201011 1200    6.2    1.3    6.3   78.3  28.72  29.24   71.9 22222 11111
 20201012 1200    7.9    1.1    8.0   81.8  28.63  29.00   72.3 22222 11111
 20201013 1200    8.1    1.6    8.2   79.2  28.79  28.88   75.5 22222 11111
 20201014 1200    8.6   -0.4    8.6   92.8  28.19  28.82   77.9 22222 11111
 20201015 1200    8.4   -2.2    8.7  104.7  28.57  28.77   72.3 22222 11111
 20201016 1200    7.3   -2.1    7.6  105.9  28.43  28.67   73.1 22222 11111
 20201017 1200    7.5   -0.9    7.5   96.7  28.54  28.63   74.3 22222 11111
 20201018 1200    6.3   -0.5    6.3   94.8  28.35  28.62   75.9 22222 11111
 20201019 1200    4.6   -0.6    4.6   97.8  28.22  28.70   76.7 22222 11111
 20201020 1200    3.1   -0.7    3.2  103.5  28.16  28.77   74.7 22222 11111
 20201021 1200    2.3   -1.5    2.7  122.5  28.28  29.07   73.9 22222 11111
 20201022 1200    4.2   -1.3    4.4  106.8  28.05  28.91   74.3 22222 11111
 20201023 1200    5.0   -0.2    5.0   92.3  28.28  28.88   72.7 22222 11111
 20201024 1200    3.5   -0.7    3.5  101.5  27.92  28.92   77.5 22222 11111
 20201025 1200    3.2    0.8    3.3   76.2  27.25  28.79   81.1 22222 11111
 20201026 1200    2.5   -1.0    2.7  111.9  28.42  29.15   75.9 22222 11111
 20201027 1200    2.5   -1.6    3.0  123.5  28.42  29.22   76.7 22222 11111
 20201028 1200    3.3   -2.2    3.9  123.8  28.27  29.09   76.3 22222 11111
 20201029 1200    3.3   -2.4    4.0  126.2  28.24  29.20   76.7 22222 11111
 20201030 1200    1.6   -3.9    4.2  157.3  28.63  29.19   74.7 22222 11111
 20201031 1200    0.6   -3.8    3.8  171.2  28.54  29.27   75.1 22222 11111
 20201101 1200    0.8   -2.2    2.4  160.8  28.70  29.52   73.1 22222 11111
 20201102 1200   -2.2   -4.8    5.3  205.1  28.80  29.32   75.5 22222 11111
 20201103 1200   -3.5   -4.4    5.6  218.1  28.83  29.27   70.3 22222 11111
 20201104 1200   -1.9   -4.2    4.6  204.1  28.57  29.29   72.3 22222 11111
 20201105 1200   -1.4   -3.1    3.4  204.1  28.60  29.41   72.3 22222 11111
 20201106 1200   -2.0   -2.7    3.4  217.3  28.67  29.29   74.3 22222 11111
 20201107 1200   -3.1   -2.3    3.8  233.8  28.67  29.37   78.7 22222 11111
 20201108 1200   -4.4    2.1    4.9  295.1  27.91 -99.90   80.3 22202 11101
 20201109 1200    0.3   -1.1    1.2  163.5  28.79  29.48   74.3 22222 11111
 20201110 1200   -1.2   -2.7    3.0  204.1  27.98  29.21   79.9 22222 11111
 20201111 1200   -3.2   -4.8    5.8  214.0  28.79  29.19   67.5 22222 11111
 20201112 1200   -2.7   -4.2    5.0  212.5  28.59 -99.90   65.2 22202 11101
 20201113 1200   -1.5   -4.4    4.7  198.3  28.43  29.08   66.0 22222 11111
 20201114 1200   -0.1   -3.2    3.2  181.3  28.32  29.14   76.3 22222 11111
 20201115 1200   -2.0   -4.8    5.2  203.1  28.13  29.04   81.9 22222 11111
 20201116 1200   -0.6   -0.7    0.9  222.5  27.96  29.03   79.5 22222 11111
 20201117 1200    2.7   -0.3    2.7   97.0  27.08  28.96   83.5 22222 11111
 20201118 1200    0.3    2.7    2.7    7.0  27.46  28.72   80.7 22222 11111
 20201119 1200   -0.9    1.1    1.4  320.6  27.40  28.94   81.1 22222 11111
 20201120 1200   -1.9    4.1    4.5  335.7  27.51 -99.90   83.9 22202 11101
 20201121 1200    1.2    5.0    5.1   13.8  28.12 -99.90   81.1 22202 11101
 20201122 1200   -0.7    0.9    1.1  323.8  27.77 -99.90   81.1 22202 11101
 20201123 1200   -1.6   -2.5    3.0  213.5  28.33 -99.90   72.3 22202 11101
 20201124 1200   -1.3   -3.9    4.1  198.8  28.40 -99.90   68.3 22202 11101
 20201125 1200   -2.4   -1.2    2.7  243.1  28.55 -99.90   72.3 22202 11101
 20201126 1200   -3.0   -3.1    4.3  224.5  28.23 -99.90   71.5 22202 11101
 20201127 1200   -3.7   -4.4    5.8  219.6  28.64 -99.90   69.9 22202 11101
 20201128 1200   -2.9   -2.5    3.8  229.3  28.57  29.11   71.1 22222 11111
 20201129 1200   -3.7   -1.6    4.1  246.2  28.67  29.21   71.9 22222 11111
 20201130 1200   -3.9   -1.2    4.1  252.8  28.60  29.18   72.3 22222 11111
 20201201 1200   -1.8   -3.5    3.9  206.9  28.59 -99.90   73.5 22202 11101
 20201202 1200   -1.3   -4.4    4.6  195.9  28.72  29.24   77.1 22222 11111
 20201203 1200   -0.2   -5.5    5.5  181.7  28.73  29.17   74.3 22222 11111
 20201204 1200    0.8   -4.9    5.0  170.4  28.54  29.17   72.7 22222 11111
 20201205 1200    0.2   -5.7    5.7  177.5  28.44 -99.90   71.1 22202 11101
 20201206 1200    0.7   -6.8    6.8  174.1  28.14 -99.90   77.9 22202 11101
 20201207 1200   -2.4   -5.0    5.6  205.9  27.82  28.96   81.9 22222 11111
 20201208 1200   -0.6   -4.6    4.6  187.8  27.98  28.96   81.5 22222 11111
 20201209 1200    2.8    3.5    4.4   38.7  27.89  29.00   81.5 22222 11111
 20201210 1200    3.4    5.0    6.1   34.4  28.14  28.94   81.1 22222 11111
 20201211 1200    3.7    6.4    7.4   30.3  28.41  28.90   77.1 22222 11111
 20201212 1200    2.6    6.0    6.5   23.3  28.67  28.90   76.3 22222 11111
 20201213 1200    5.2    4.7    7.0   48.3  28.22  28.86   78.7 22222 11111
 20201214 1200    2.9    1.9    3.5   57.8  28.05 -99.90   82.3 22202 11101
 20201215 1200   -3.5    2.4    4.2  304.4  28.37 -99.90   78.3 22202 11101
 20201216 1200   -4.7   -0.6    4.8  262.5  28.63  28.97   73.9 22222 11111
 20201217 1200   -2.2   -2.7    3.5  220.0  28.21  29.10   73.5 22222 11111
 20201218 1200   -3.8   -2.7    4.7  235.2  28.27  28.99   76.7 22222 11111
 20201219 1200   -4.8   -2.3    5.3  244.9  28.71  29.00   77.1 22222 11111
 20201220 1200   -5.3   -4.3    6.8  231.0  28.45  28.96   78.7 22222 11111
 20201221 1200   -3.5   -4.6    5.8  216.8  28.55 -99.90   68.7 22202 11101
 20201222 1200   -2.1   -1.9    2.8  228.8  27.78 -99.90   75.5 22202 11101
 20201223 1200   -1.1   -3.5    3.6  198.1  27.02 -99.90   81.1 22202 11101
 20201224 1200   -1.5   -3.7    4.0  202.7  28.08 -99.90   78.7 22202 11101
 20201225 1200    2.1    0.8    2.2   69.1  27.49 -99.90   81.9 22202 11101
 20201226 1200  -99.9  -99.9  -99.9  -99.9 -99.90  29.23  -99.9 55025 00010
 20201227 1200  -99.9  -99.9  -99.9  -99.9 -99.90 -99.90  -99.9 55005 00000
 20201228 1200  -99.9  -99.9  -99.9  -99.9 -99.90  29.13  -99.9 55025 00010
 20201229 1200  -99.9  -99.9  -99.9  -99.9 -99.90 -99.90  -99.9 55005 00000
 20201230 1200  -99.9  -99.9  -99.9  -99.9 -99.90 -99.90  -99.9 55005 00000
 20201231 1200  -99.9  -99.9  -99.9  -99.9 -99.90 -99.90  -99.9 55005 00000
 20210101 1200  -99.9  -99.9  -99.9  -99.9 -99.90  28.76  -99.9 55025 00010
 20210102 1200  -99.9  -99.9  -99.9  -99.9 -99.90  28.76  -99.9 55025 00010
 20210103 1200  -99.9  -99.9  -99.9  -99.9 -99.90  28.84  -99.9 55025 00010
 20210104 1200  -99.9  -99.9  -99.9  -99.9 -99.90  28.96  -99.9 55025 00010
 20210105 1200  -99.9  -99.9  -99.9  -99.9 -99.90  28.72  -99.9 55025 00010
 20210106 1200  -99.9  -99.9  -99.9  -99.9 -99.90  28.39  -99.9 55025 00010
 20210107 1200  -99.9  -99.9  -99.9  -99.9 -99.90  28.59  -99.9 55025 00010
 20210108 1200  -99.9  -99.9  -99.9  -99.9 -99.90  28.64  -99.9 55025 00010
 20210109 1200  -99.9  -99.9  -99.9  -99.9 -99.90  28.74  -99.9 55025 00010
 20210110 1200  -99.9  -99.9  -99.9  -99.9 -99.90  28.77  -99.9 55025 00010
 20210111 1200  -99.9  -99.9  -99.9  -99.9 -99.90  28.83  -99.9 55025 00010
 20210112 1200  -99.9  -99.9  -99.9  -99.9 -99.90  28.67  -99.9 55025 00010
 20210113 1200  -99.9  -99.9  -99.9  -99.9 -99.90  28.66  -99.9 55025 00010
 20210114 1200  -99.9  -99.9  -99.9  -99.9 -99.90  28.66  -99.9 55025 00010
 20210115 1200  -99.9  -99.9  -99.9  -99.9 -99.90  28.69  -99.9 55025 00010
 20210116 1200  -99.9  -99.9  -99.9  -99.9 -99.90  28.69  -99.9 55025 00010
 20210117 1200  -99.9  -99.9  -99.9  -99.9 -99.90  28.77  -99.9 55025 00010
 20210118 1200  -99.9  -99.9  -99.9  -99.9 -99.90  28.87  -99.9 55025 00010
 20210119 1200  -99.9  -99.9  -99.9  -99.9 -99.90  28.93  -99.9 55025 00010
 20210120 1200  -99.9  -99.9  -99.9  -99.9 -99.90  28.86  -99.9 55025 00010
 20210121 1200  -99.9  -99.9  -99.9  -99.9 -99.90  28.77  -99.9 55025 00010
 20210122 1200  -99.9  -99.9  -99.9  -99.9 -99.90  28.77  -99.9 55025 00010
 20210123 1200  -99.9  -99.9  -99.9  -99.9 -99.90  28.78  -99.9 55025 00010
 20210124 1200  -99.9  -99.9  -99.9  -99.9 -99.90  28.72  -99.9 55025 00010
 20210125 1200  -99.9  -99.9  -99.9  -99.9 -99.90  28.60  -99.9 55025 00010
 20210126 1200  -99.9  -99.9  -99.9  -99.9 -99.90  28.81  -99.9 55025 00010
 20210127 1200  -99.9  -99.9  -99.9  -99.9 -99.90  28.82  -99.9 55025 00010
 20210128 1200  -99.9  -99.9  -99.9  -99.9 -99.90  28.82  -99.9 55025 00010
 20210129 1200  -99.9  -99.9  -99.9  -99.9 -99.90  28.79  -99.9 55025 00010
 20210130 1200  -99.9  -99.9  -99.9  -99.9 -99.90  28.78  -99.9 55025 00010
 20210131 1200  -99.9  -99.9  -99.9  -99.9 -99.90  28.75  -99.9 55025 00010
 20210201 1200  -99.9  -99.9  -99.9  -99.9 -99.90  28.75  -99.9 55025 00010
 20210202 1200  -99.9  -99.9  -99.9  -99.9 -99.90  28.67  -99.9 55025 00010
 20210203 1200  -99.9  -99.9  -99.9  -99.9 -99.90  28.34  -99.9 55025 00010
 20210204 1200  -99.9  -99.9  -99.9  -99.9 -99.90 -99.90  -99.9 55005 00000
 20210205 1200  -99.9  -99.9  -99.9  -99.9 -99.90  28.62  -99.9 55025 00010
 20210206 1200  -99.9  -99.9  -99.9  -99.9 -99.90  28.56  -99.9 55025 00010
 20210207 1200  -99.9  -99.9  -99.9  -99.9 -99.90  28.66  -99.9 55025 00010
 20210208 1200  -99.9  -99.9  -99.9  -99.9 -99.90  28.75  -99.9 55025 00010
 20210209 1200  -99.9  -99.9  -99.9  -99.9 -99.90  28.58  -99.9 55025 00010
 20210210 1200  -99.9  -99.9  -99.9  -99.9 -99.90  28.72  -99.9 55025 00010
 20210211 1200  -99.9  -99.9  -99.9  -99.9 -99.90  28.86  -99.9 55025 00010
 20210212 1200  -99.9  -99.9  -99.9  -99.9 -99.90  28.96  -99.9 55025 00010
 20210213 1200  -99.9  -99.9  -99.9  -99.9 -99.90  28.95  -99.9 55025 00010
 20210214 1200  -99.9  -99.9  -99.9  -99.9 -99.90  29.18  -99.9 55025 00010
 20210215 1200  -99.9  -99.9  -99.9  -99.9 -99.90  29.37  -99.9 55025 00010
 20210216 1200  -99.9  -99.9  -99.9  -99.9 -99.90  29.15  -99.9 55025 00010
 20210217 1200  -99.9  -99.9  -99.9  -99.9 -99.90  29.33  -99.9 55025 00010
 20210218 1200  -99.9  -99.9  -99.9  -99.9 -99.90  29.23  -99.9 55025 00010
 20210219 1200  -99.9  -99.9  -99.9  -99.9 -99.90  29.17  -99.9 55025 00010
 20210220 1200  -99.9  -99.9  -99.9  -99.9 -99.90  29.17  -99.9 55025 00010
 20210221 1200  -99.9  -99.9  -99.9  -99.9 -99.90  29.21  -99.9 55025 00010
 20210222 1200  -99.9  -99.9  -99.9  -99.9 -99.90  29.23  -99.9 55025 00010
 20210223 1200  -99.9  -99.9  -99.9  -99.9 -99.90  29.43  -99.9 55025 00010
 20210224 1200  -99.9  -99.9  -99.9  -99.9 -99.90  29.47  -99.9 55025 00010
 20210225 1200  -99.9  -99.9  -99.9  -99.9 -99.90  29.72  -99.9 55025 00010
 20210226 1200  -99.9  -99.9  -99.9  -99.9 -99.90  29.88  -99.9 55025 00010
 20210227 1200  -99.9  -99.9  -99.9  -99.9 -99.90 -99.90  -99.9 55005 00000
 20210228 1200  -99.9  -99.9  -99.9  -99.9 -99.90  29.52  -99.9 55025 00010
 20210301 1200  -99.9  -99.9  -99.9  -99.9 -99.90  29.62  -99.9 55025 00010
 20210302 1200  -99.9  -99.9  -99.9  -99.9 -99.90  29.64  -99.9 55025 00010
 20210303 1200  -99.9  -99.9  -99.9  -99.9 -99.90  29.55  -99.9 55025 00010
 20210304 1200  -99.9  -99.9  -99.9  -99.9 -99.90  29.52  -99.9 55025 00010
 20210305 1200  -99.9  -99.9  -99.9  -99.9 -99.90  29.51  -99.9 55025 00010
 20210306 1200  -99.9  -99.9  -99.9  -99.9 -99.90  29.68  -99.9 55025 00010
 20210307 1200  -99.9  -99.9  -99.9  -99.9 -99.90  29.63  -99.9 55025 00010
 20210308 1200  -99.9  -99.9  -99.9  -99.9 -99.90  29.76  -99.9 55025 00010
 20210309 1200  -99.9  -99.9  -99.9  -99.9 -99.90  29.68  -99.9 55025 00010
 20210310 1200  -99.9  -99.9  -99.9  -99.9 -99.90  29.64  -99.9 55025 00010
 20210311 1200  -99.9  -99.9  -99.9  -99.9 -99.90 -99.90  -99.9 55005 00000
 20210312 1200  -99.9  -99.9  -99.9  -99.9 -99.90  29.50  -99.9 55025 00010
 20210313 1200  -99.9  -99.9  -99.9  -99.9 -99.90  29.57  -99.9 55025 00010
 20210314 1200  -99.9  -99.9  -99.9  -99.9 -99.90  29.56  -99.9 55025 00010
 20210315 1200  -99.9  -99.9  -99.9  -99.9 -99.90  29.59  -99.9 55025 00010
 20210316 1200  -99.9  -99.9  -99.9  -99.9 -99.90  29.70  -99.9 55025 00010
 20210317 1200  -99.9  -99.9  -99.9  -99.9 -99.90 -99.90  -99.9 55005 00000
 20210318 1200  -99.9  -99.9  -99.9  -99.9 -99.90 -99.90  -99.9 55005 00000
 20210319 1200  -99.9  -99.9  -99.9  -99.9 -99.90  29.76  -99.9 55025 00010
 20210320 1200  -99.9  -99.9  -99.9  -99.9 -99.90  29.77  -99.9 55025 00010
 20210321 1200  -99.9  -99.9  -99.9  -99.9 -99.90  29.81  -99.9 55025 00010
 20210322 1200  -99.9  -99.9  -99.9  -99.9 -99.90  29.66  -99.9 55025 00010
 20210323 1200  -99.9  -99.9  -99.9  -99.9 -99.90  29.71  -99.9 55025 00010
 20210324 1200  -99.9  -99.9  -99.9  -99.9 -99.90  29.76  -99.9 55025 00010
 20210325 1200  -99.9  -99.9  -99.9  -99.9 -99.90  29.94  -99.9 55025 00010
 20210326 1200  -99.9  -99.9  -99.9  -99.9 -99.90  30.03  -99.9 55025 00010
 20210327 1200  -99.9  -99.9  -99.9  -99.9 -99.90  30.13  -99.9 55025 00010
 20210328 1200  -99.9  -99.9  -99.9  -99.9 -99.90  30.05  -99.9 55025 00010
 20210329 1200  -99.9  -99.9  -99.9  -99.9 -99.90  30.07  -99.9 55025 00010
 20210330 1200  -99.9  -99.9  -99.9  -99.9 -99.90  29.86  -99.9 55025 00010
 20210331 1200  -99.9  -99.9  -99.9  -99.9 -99.90  30.05  -99.9 55025 00010
 20210401 1200  -99.9  -99.9  -99.9  -99.9 -99.90  30.08  -99.9 55025 00010
 20210402 1200  -99.9  -99.9  -99.9  -99.9 -99.90  29.96  -99.9 55025 00010
 20210403 1200  -99.9  -99.9  -99.9  -99.9 -99.90  29.91  -99.9 55025 00010
 20210404 1200  -99.9  -99.9  -99.9  -99.9 -99.90  29.96  -99.9 55025 00010
 20210405 1200  -99.9  -99.9  -99.9  -99.9 -99.90  29.96  -99.9 55025 00010
 20210406 1200  -99.9  -99.9  -99.9  -99.9 -99.90  29.88  -99.9 55025 00010
 20210407 1200  -99.9  -99.9  -99.9  -99.9 -99.90  30.11  -99.9 55025 00010
 20210408 1200  -99.9  -99.9  -99.9  -99.9 -99.90  30.17  -99.9 55025 00010
 20210409 1200  -99.9  -99.9  -99.9  -99.9 -99.90  30.01  -99.9 55025 00010
 20210410 1200  -99.9  -99.9  -99.9  -99.9 -99.90  30.02  -99.9 55025 00010
 20210411 1200  -99.9  -99.9  -99.9  -99.9 -99.90  30.24  -99.9 55025 00010
 20210412 1200  -99.9  -99.9  -99.9  -99.9 -99.90  30.25  -99.9 55025 00010
 20210413 1200  -99.9  -99.9  -99.9  -99.9 -99.90  30.05  -99.9 55025 00010
 20210414 1200  -99.9  -99.9  -99.9  -99.9 -99.90  30.62  -99.9 55025 00010
 20210415 1200  -99.9  -99.9  -99.9  -99.9 -99.90  30.88  -99.9 55025 00010
 20210416 1200  -99.9  -99.9  -99.9  -99.9 -99.90  30.68  -99.9 55025 00010
 20210417 1200  -99.9  -99.9  -99.9  -99.9 -99.90  30.91  -99.9 55025 00010
 20210418 1200  -99.9  -99.9  -99.9  -99.9 -99.90  30.95  -99.9 55025 00010
 20210419 1200  -99.9  -99.9  -99.9  -99.9 -99.90  30.56  -99.9 55025 00010
 20210420 1200  -99.9  -99.9  -99.9  -99.9 -99.90  30.56  -99.9 55025 00010
 20210421 1200  -99.9  -99.9  -99.9  -99.9 -99.90  30.47  -99.9 55025 00010
 20210422 1200  -99.9  -99.9  -99.9  -99.9 -99.90  30.97  -99.9 55025 00010
 20210423 1200  -99.9  -99.9  -99.9  -99.9 -99.90  30.99  -99.9 55025 00010
 20210424 1200  -99.9  -99.9  -99.9  -99.9 -99.90  30.86  -99.9 55025 00010
 20210425 1200  -99.9  -99.9  -99.9  -99.9 -99.90  31.04  -99.9 55025 00010
 20210426 1200  -99.9  -99.9  -99.9  -99.9 -99.90  31.08  -99.9 55025 00010
 20210427 1200  -99.9  -99.9  -99.9  -99.9 -99.90  31.14  -99.9 55025 00010
 20210428 1200  -99.9  -99.9  -99.9  -99.9 -99.90  31.19  -99.9 55025 00010
 20210429 1200  -99.9  -99.9  -99.9  -99.9 -99.90  31.50  -99.9 55025 00010
 20210430 1200  -99.9  -99.9  -99.9  -99.9 -99.90  31.80  -99.9 55025 00010
 20210501 1200  -99.9  -99.9  -99.9  -99.9 -99.90  31.62  -99.9 55025 00010
 20210502 1200  -99.9  -99.9  -99.9  -99.9 -99.90  31.75  -99.9 55025 00010
 20210503 1200  -99.9  -99.9  -99.9  -99.9 -99.90  31.10  -99.9 55025 00010
 20210504 1200  -99.9  -99.9  -99.9  -99.9 -99.90  31.26  -99.9 55025 00010
 20210505 1200  -99.9  -99.9  -99.9  -99.9 -99.90  31.09  -99.9 55025 00010
 20210506 1200  -99.9  -99.9  -99.9  -99.9 -99.90  31.66  -99.9 55025 00010
 20210507 1200  -99.9  -99.9  -99.9  -99.9 -99.90  31.65  -99.9 55025 00010
 20210508 1200  -99.9  -99.9  -99.9  -99.9 -99.90  31.64  -99.9 55025 00010
 20210509 1200  -99.9  -99.9  -99.9  -99.9 -99.90  31.85  -99.9 55025 00010
 20210510 1200  -99.9  -99.9  -99.9  -99.9 -99.90  31.29  -99.9 55025 00010
 20210511 1200  -99.9  -99.9  -99.9  -99.9 -99.90  31.10  -99.9 55025 00010
 20210512 1200  -99.9  -99.9  -99.9  -99.9 -99.90  30.54  -99.9 55025 00010
 20210513 1200  -99.9  -99.9  -99.9  -99.9 -99.90  30.28  -99.9 55025 00010
 20210514 1200  -99.9  -99.9  -99.9  -99.9 -99.90  30.03  -99.9 55025 00010
 20210515 1200  -99.9  -99.9  -99.9  -99.9 -99.90  29.94  -99.9 55025 00010
 20210516 1200  -99.9  -99.9  -99.9  -99.9 -99.90 -99.90  -99.9 55005 00000
 20210517 1200  -99.9  -99.9  -99.9  -99.9 -99.90  29.74  -99.9 55025 00010
 20210518 1200  -99.9  -99.9  -99.9  -99.9 -99.90  29.54  -99.9 55025 00010
 20210519 1200  -99.9  -99.9  -99.9  -99.9 -99.90 -99.90  -99.9 55005 00000
 20210520 1200  -99.9  -99.9  -99.9  -99.9 -99.90 -99.90  -99.9 55005 00000
 20210521 1200  -99.9  -99.9  -99.9  -99.9 -99.90  29.45  -99.9 55025 00010
 20210522 1200  -99.9  -99.9  -99.9  -99.9 -99.90 -99.90  -99.9 55005 00000
 20210523 1200  -99.9  -99.9  -99.9  -99.9 -99.90 -99.90  -99.9 55005 00000
 20210524 1200  -99.9  -99.9  -99.9  -99.9 -99.90  29.39  -99.9 55025 00010
 20210525 1200  -99.9  -99.9  -99.9  -99.9 -99.90 -99.90  -99.9 55005 00000
 20210526 1200  -99.9  -99.9  -99.9  -99.9 -99.90  29.01  -99.9 55025 00010
 20210527 1200  -99.9  -99.9  -99.9  -99.9 -99.90 -99.90  -99.9 55005 00000
 20210528 1200  -99.9  -99.9  -99.9  -99.9 -99.90 -99.90  -99.9 55005 00000
 20210529 1200  -99.9  -99.9  -99.9  -99.9 -99.90  29.27  -99.9 55025 00010
 20210530 1200  -99.9  -99.9  -99.9  -99.9 -99.90  29.30  -99.9 55025 00010
 20210531 1200  -99.9  -99.9  -99.9  -99.9 -99.90  29.27  -99.9 55025 00010
 20210601 1200  -99.9  -99.9  -99.9  -99.9 -99.90 -99.90  -99.9 55005 00000
 20210602 1200  -99.9  -99.9  -99.9  -99.9 -99.90  29.23  -99.9 55025 00010
 20210603 1200  -99.9  -99.9  -99.9  -99.9 -99.90 -99.90  -99.9 55005 00000
 20210604 1200  -99.9  -99.9  -99.9  -99.9 -99.90 -99.90  -99.9 55005 00000
 20210605 1200  -99.9  -99.9  -99.9  -99.9 -99.90 -99.90  -99.9 55005 00000
 20210606 1200  -99.9  -99.9  -99.9  -99.9 -99.90 -99.90  -99.9 55005 00000
 20210607 1200  -99.9  -99.9  -99.9  -99.9 -99.90  29.22  -99.9 55025 00010
 Time: 1200 18 Jun 2021 to 1200 18 Jun 2021 (index   535 to   535,    1 times)
 Depth (M):        -4     -4     -4     -4     -3      1     -3 QUALITY SOURCE
 YYYYMMDD HHMM   UWND   VWND   WSPD   WDIR   AIRT    SST     RH SDATH SDATH
 20210618 1200  -99.9  -99.9  -99.9  -99.9 -99.90  29.13  -99.9 55025 00010
 Time: 1200 26 Jun 2021 to 1200 18 Aug 2021 (index   543 to   596,   54 times)
 Depth (M):        -4     -4     -4     -4     -3      1     -3 QUALITY SOURCE
 YYYYMMDD HHMM   UWND   VWND   WSPD   WDIR   AIRT    SST     RH SDATH SDATH
 20210626 1200  -99.9  -99.9  -99.9  -99.9 -99.90  29.32  -99.9 55025 00010
 20210627 1200  -99.9  -99.9  -99.9  -99.9 -99.90  29.31  -99.9 55025 00010
 20210628 1200  -99.9  -99.9  -99.9  -99.9 -99.90  29.31  -99.9 55025 00010
 20210629 1200  -99.9  -99.9  -99.9  -99.9 -99.90  29.36  -99.9 55025 00010
 20210630 1200  -99.9  -99.9  -99.9  -99.9 -99.90 -99.90  -99.9 55005 00000
 20210701 1200  -99.9  -99.9  -99.9  -99.9 -99.90  29.30  -99.9 55025 00010
 20210702 1200  -99.9  -99.9  -99.9  -99.9 -99.90  29.25  -99.9 55025 00010
 20210703 1200  -99.9  -99.9  -99.9  -99.9 -99.90 -99.90  -99.9 55005 00000
 20210704 1200  -99.9  -99.9  -99.9  -99.9 -99.90  29.25  -99.9 55025 00010
 20210705 1200  -99.9  -99.9  -99.9  -99.9 -99.90 -99.90  -99.9 55005 00000
 20210706 1200  -99.9  -99.9  -99.9  -99.9 -99.90 -99.90  -99.9 55005 00000
 20210707 1200  -99.9  -99.9  -99.9  -99.9 -99.90 -99.90  -99.9 55005 00000
 20210708 1200  -99.9  -99.9  -99.9  -99.9 -99.90 -99.90  -99.9 55005 00000
 20210709 1200  -99.9  -99.9  -99.9  -99.9 -99.90 -99.90  -99.9 55005 00000
 20210710 1200  -99.9  -99.9  -99.9  -99.9 -99.90  28.90  -99.9 55025 00010
 20210711 1200  -99.9  -99.9  -99.9  -99.9 -99.90 -99.90  -99.9 55005 00000
 20210712 1200  -99.9  -99.9  -99.9  -99.9 -99.90 -99.90  -99.9 55005 00000
 20210713 1200  -99.9  -99.9  -99.9  -99.9 -99.90  28.96  -99.9 55025 00010
 20210714 1200  -99.9  -99.9  -99.9  -99.9 -99.90 -99.90  -99.9 55005 00000
 20210715 1200  -99.9  -99.9  -99.9  -99.9 -99.90  28.96  -99.9 55025 00010
 20210716 1200  -99.9  -99.9  -99.9  -99.9 -99.90 -99.90  -99.9 55005 00000
 20210717 1200  -99.9  -99.9  -99.9  -99.9 -99.90  28.99  -99.9 55025 00010
 20210718 1200  -99.9  -99.9  -99.9  -99.9 -99.90  29.04  -99.9 55025 00010
 20210719 1200  -99.9  -99.9  -99.9  -99.9 -99.90 -99.90  -99.9 55005 00000
 20210720 1200  -99.9  -99.9  -99.9  -99.9 -99.90 -99.90  -99.9 55005 00000
 20210721 1200  -99.9  -99.9  -99.9  -99.9 -99.90 -99.90  -99.9 55005 00000
 20210722 1200  -99.9  -99.9  -99.9  -99.9 -99.90 -99.90  -99.9 55005 00000
 20210723 1200  -99.9  -99.9  -99.9  -99.9 -99.90 -99.90  -99.9 55005 00000
 20210724 1200  -99.9  -99.9  -99.9  -99.9 -99.90  28.89  -99.9 55025 00010
 20210725 1200  -99.9  -99.9  -99.9  -99.9 -99.90 -99.90  -99.9 55005 00000
 20210726 1200  -99.9  -99.9  -99.9  -99.9 -99.90  28.80  -99.9 55025 00010
 20210727 1200  -99.9  -99.9  -99.9  -99.9 -99.90 -99.90  -99.9 55005 00000
 20210728 1200  -99.9  -99.9  -99.9  -99.9 -99.90 -99.90  -99.9 55005 00000
 20210729 1200  -99.9  -99.9  -99.9  -99.9 -99.90 -99.90  -99.9 55005 00000
 20210730 1200  -99.9  -99.9  -99.9  -99.9 -99.90  28.92  -99.9 55025 00010
 20210731 1200  -99.9  -99.9  -99.9  -99.9 -99.90  28.88  -99.9 55025 00010
 20210801 1200  -99.9  -99.9  -99.9  -99.9 -99.90  28.84  -99.9 55025 00010
 20210802 1200  -99.9  -99.9  -99.9  -99.9 -99.90  28.89  -99.9 55025 00010
 20210803 1200  -99.9  -99.9  -99.9  -99.9 -99.90  28.93  -99.9 55025 00010
 20210804 1200  -99.9  -99.9  -99.9  -99.9 -99.90  29.00  -99.9 55025 00010
 20210805 1200  -99.9  -99.9  -99.9  -99.9 -99.90 -99.90  -99.9 55005 00000
 20210806 1200  -99.9  -99.9  -99.9  -99.9 -99.90  28.88  -99.9 55025 00010
 20210807 1200  -99.9  -99.9  -99.9  -99.9 -99.90  28.83  -99.9 55025 00010
 20210808 1200  -99.9  -99.9  -99.9  -99.9 -99.90  28.75  -99.9 55025 00010
 20210809 1200  -99.9  -99.9  -99.9  -99.9 -99.90  28.67  -99.9 55025 00010
 20210810 1200  -99.9  -99.9  -99.9  -99.9 -99.90 -99.90  -99.9 55005 00000
 20210811 1200  -99.9  -99.9  -99.9  -99.9 -99.90 -99.90  -99.9 55005 00000
 20210812 1200  -99.9  -99.9  -99.9  -99.9 -99.90  28.73  -99.9 55025 00010
 20210813 1200  -99.9  -99.9  -99.9  -99.9 -99.90 -99.90  -99.9 55005 00000
 20210814 1200  -99.9  -99.9  -99.9  -99.9 -99.90 -99.90  -99.9 55005 00000
 20210815 1200  -99.9  -99.9  -99.9  -99.9 -99.90 -99.90  -99.9 55005 00000
 20210816 1200  -99.9  -99.9  -99.9  -99.9 -99.90 -99.90  -99.9 55005 00000
 20210817 1200  -99.9  -99.9  -99.9  -99.9 -99.90 -99.90  -99.9 55005 00000
 20210818 1200  -99.9  -99.9  -99.9  -99.9 -99.90  28.49  -99.9 55025 00010
 Time: 1200 11 Aug 2024 to 1200 27 Sep 2025 (index  1685 to  2097,  413 times)
 Depth (M):        -4     -4     -4     -4     -3      1     -3 QUALITY SOURCE
 YYYYMMDD HHMM   UWND   VWND   WSPD   WDIR   AIRT    SST     RH SDATH SDATH
 20240811 1200    4.4   -3.5    5.6  128.1  28.92  29.36   80.0 22222 11111
 20240812 1200    6.0   -3.0    6.7  116.4  28.97  29.32   78.3 22222 11111
 20240813 1200    5.8   -3.8    6.9  123.0  28.86  29.18   77.5 22222 11111
 20240814 1200    6.8   -4.3    8.1  122.4  28.76  29.13   81.2 22222 11111
 20240815 1200    8.1   -3.2    8.8  111.7  28.89  29.06   79.2 22222 11111
 20240816 1200    9.6   -1.6    9.8   99.3  29.03  29.00   77.1 22222 11111
 20240817 1200    9.1   -1.8    9.2  101.2  28.91  28.99   78.3 22222 11111
 20240818 1200    7.3   -2.5    7.7  108.8  28.79  28.91   79.2 22222 11111
 20240819 1200    7.2   -3.7    8.1  117.2  28.55  28.94   80.4 22222 11111
 20240820 1200    8.1   -2.2    8.4  105.5  28.34  28.80   80.4 22222 11111
 20240821 1200    7.2   -3.5    8.0  116.0  27.54  28.69   83.7 22222 11111
 20240822 1200    4.6   -2.5    5.2  118.1  28.46  28.61   82.1 22222 11111
 20240823 1200    4.6   -2.0    5.0  114.1  28.41  28.50   76.7 22222 11111
 20240824 1200    3.6   -0.3    3.6   94.2  28.38  28.79   77.1 22222 11111
 20240825 1200    3.4    2.4    4.2   54.6  28.49  28.68   78.3 22222 11111
 20240826 1200    3.1    4.0    5.1   37.6  28.66  28.61   81.2 22222 11111
 20240827 1200    2.9    4.0    5.0   35.8  28.47  28.80   82.1 22222 11111
 20240828 1200    3.7    3.8    5.3   44.0  29.13  29.16   83.7 22222 11111
 20240829 1200    4.3    3.8    5.8   48.2  29.10  29.16   82.9 22222 11111
 20240830 1200    3.9    3.2    5.1   50.6  28.67  29.24   83.7 22222 11111
 20240831 1200    3.6    2.0    4.2   60.9  28.20  29.19   85.0 22222 11111
 20240901 1200    5.1    0.0    5.1   89.8  28.46  29.07   83.3 22222 11111
 20240902 1200    5.9    0.5    5.9   85.5  28.80  29.13   81.2 22222 11111
 20240903 1200    6.8    0.7    6.8   84.1  28.87  29.12   80.4 22222 11111
 20240904 1200    5.7   -0.4    5.7   93.6  28.83  29.21   80.8 22222 11111
 20240905 1200    5.0   -1.0    5.0  101.5  28.91  29.26   79.6 22222 11111
 20240906 1200    4.9    0.4    4.9   85.1  28.93  29.21   77.5 22222 11111
 20240907 1200    4.2    2.6    4.9   57.8  28.97  29.26   78.8 22222 11111
 20240908 1200    4.9    3.1    5.8   58.2  29.16  29.18   81.7 22222 11111
 20240909 1200    5.4    1.7    5.7   73.0  28.69  29.13   83.7 22222 11111
 20240910 1200    6.4    1.3    6.5   78.6  28.69  29.09   82.5 22222 11111
 20240911 1200    5.5    0.4    5.5   85.4  28.40  29.07   83.3 22222 11111
 20240912 1200    3.5    1.2    3.7   71.1  28.99  29.38   80.8 22222 11111
 20240913 1200    3.1    1.2    3.3   69.1  28.84  29.63   80.4 22222 11111
 20240914 1200    2.9    1.4    3.2   64.3  28.99  29.73   79.2 22222 11111
 20240915 1200    3.3    1.0    3.5   73.5  28.99  29.74   78.3 22222 11111
 20240916 1200    4.2   -0.6    4.2   98.8  28.54  29.74   80.8 22222 11111
 20240917 1200    3.0   -4.3    5.3  145.0  28.79  29.61   76.3 22222 11111
 20240918 1200    3.8   -4.3    5.8  138.2  28.52  29.50   76.7 22222 11111
 20240919 1200    1.6   -1.9    2.5  139.6  27.79  29.63   80.8 22222 11111
 20240920 1200    1.0   -1.9    2.2  153.5  27.96  29.91   79.2 22222 11111
 20240921 1200    2.0   -2.6    3.3  142.8  28.53  29.85   75.9 22222 11111
 20240922 1200    2.6   -3.8    4.6  145.2  28.72  29.82   75.9 22222 11111
 20240923 1200    4.0   -2.7    4.8  123.9  28.74  29.93   75.4 22222 11111
 20240924 1200    6.4   -3.5    7.3  119.0  28.44  29.80   78.3 22222 11111
 20240925 1200    6.8   -2.7    7.3  111.9  29.13  29.77   76.7 22222 11111
 20240926 1200    6.3   -1.3    6.5  102.0  29.21  29.79   77.1 22222 11111
 20240927 1200    5.0   -1.4    5.2  105.9  29.09  29.75   77.9 22222 11111
 20240928 1200    1.8   -1.6    2.5  132.5  29.18  29.98   74.2 22222 11111
 20240929 1200   -0.6   -5.1    5.2  186.6  29.04  29.86   75.4 22222 11111
 20240930 1200   -0.1   -6.1    6.1  181.3  29.01  29.79   78.3 22222 11111
 20241001 1200   -0.2   -5.1    5.1  182.1  28.87  29.71   78.8 22222 11111
 20241002 1200    1.8   -2.9    3.4  147.8  27.50  29.64   81.7 22222 11111
 20241003 1200    3.0   -1.8    3.5  120.2  28.76  29.76   78.3 22222 11111
 20241004 1200    3.4   -0.1    3.4   91.1  28.89  29.84   79.2 22222 11111
 20241005 1200    5.7   -0.2    5.7   91.6  27.65  29.69   85.4 22222 11111
 20241006 1200   10.0   -1.6   10.1   98.8  27.55  29.45   84.1 22222 11111
 20241007 1200    7.4   -3.7    8.2  116.5  27.20  29.32   86.2 22222 11111
 20241008 1200    5.2   -3.8    6.5  126.2  27.86  29.25   80.4 22222 11111
 20241009 1200    7.3   -1.1    7.4   98.5  27.32  29.13   85.4 22222 11111
 20241010 1200    9.1   -2.0    9.3  102.4  28.55  29.13   80.4 22222 11111
 20241011 1200    8.9   -2.2    9.1  104.0  28.74  29.07   76.7 22222 11111
 20241012 1200    8.1   -2.2    8.4  105.5  28.59  29.02   77.9 22222 11111
 20241013 1200    6.9   -0.3    6.9   92.5  28.00  28.98   80.4 22222 11111
 20241014 1200    5.3   -0.6    5.3   96.2  28.49  29.02   77.9 22222 11111
 20241015 1200    4.5   -0.8    4.6  100.3  28.28  29.08   77.9 22222 11111
 20241016 1200    3.8   -1.5    4.1  111.5  28.41  29.14   77.9 22222 11111
 20241017 1200    5.0   -1.0    5.0  101.5  28.33  29.07   77.1 22222 11111
 20241018 1200    6.5    0.1    6.5   89.3  28.05  29.01   81.7 22222 11111
 20241019 1200    6.1   -1.1    6.2  100.6  28.40  29.00   81.7 22222 11111
 20241020 1200    4.9    0.6    4.9   82.7  28.58  29.07   80.4 22222 11111
 20241021 1200    4.9    1.0    5.0   78.0  28.36  29.07   80.4 22222 11111
 20241022 1200    4.0   -1.5    4.2  110.3  27.46  28.94   85.4 22222 11111
 20241023 1200    3.6   -1.9    4.1  118.0  27.23  28.98   87.5 22222 11111
 20241024 1200    2.4    2.0    3.2   50.6  28.41  29.26   83.3 22222 11111
 20241025 1200    1.2    2.6    2.9   24.1  28.63  29.56   82.1 22222 11111
 20241026 1200    2.7    1.2    3.0   66.5  28.46  29.51   82.9 22222 11111
 20241027 1200    3.9    1.2    4.1   72.8  27.83  29.48   85.0 22222 11111
 20241028 1200    4.3    0.4    4.3   84.8  27.28  29.32   87.5 22222 11111
 20241029 1200    2.2   -0.3    2.2   98.8  27.66  29.25   84.1 22222 11111
 20241030 1200    0.4    0.4    0.5   42.5  29.16  29.62   76.7 22222 11111
 20241031 1200    0.8    2.4    2.5   17.5  28.98  29.68   79.2 22222 11111
 20241101 1200    1.8   -0.4    1.9  101.5  28.82  29.96   80.4 22222 11111
 20241102 1200    1.6   -2.1    2.6  142.5  28.95  29.85   78.8 22222 11111
 20241103 1200    1.4   -2.1    2.5  146.5  29.16  29.89   76.3 22222 11111
 20241104 1200    2.4   -2.0    3.1  129.8  28.45  29.82   76.7 22222 11111
 20241105 1200    1.7    1.2    2.1   55.5  28.83  29.95   74.2 22222 11111
 20241106 1200    0.8   -0.7    1.1  132.5  29.13  30.24   73.4 22222 11111
 20241107 1200   -2.3   -1.2    2.6  243.1  29.24  30.18   75.4 22222 11111
 20241108 1200   -1.1   -1.4    1.8  217.3  29.33  30.27   71.3 22222 11111
 20241109 1200   -0.6    0.5    0.8  312.5  28.85  30.02   73.4 22222 11111
 20241110 1200   -0.6    0.3    0.7  294.1  28.37  29.87   77.5 22222 11111
 20241111 1200    0.5   -2.6    2.6  168.0  29.09  30.01   73.4 22222 11111
 20241112 1200   -0.7   -2.6    2.7  195.9  29.03  30.05   73.8 22222 11111
 20241113 1200   -1.6   -3.0    3.4  207.2  29.25  30.15   68.8 22222 11111
 20241114 1200   -0.7   -1.0    1.2  214.4  28.98  30.41   68.0 22222 11111
 20241115 1200   -0.5   -1.0    1.1  204.1  29.14  30.39   70.1 22222 11111
 20241116 1200    0.6   -1.0    1.1  150.9  29.08  30.42   75.4 22222 11111
 20241117 1200   -1.2   -2.0    2.4  211.2  28.35  30.04   79.2 22222 11111
 20241118 1200   -1.4    0.6    1.6  294.1  28.60  30.13   79.2 22222 11111
 20241119 1200    0.8   -1.6    1.7  154.3  27.92  29.76   79.6 22222 11111
 20241120 1200   -0.3   -0.6    0.7  204.1  28.00  29.78   81.2 22222 11111
 20241121 1200   -1.8   -3.0    3.5  210.2  28.93  29.87   79.6 22222 11111
 20241122 1200   -2.4    0.1    2.4  272.7  28.36  29.87   80.4 22222 11111
 20241123 1200   -1.7   -1.4    2.2  230.6  28.84  30.10   78.8 22222 11111
 20241124 1200   -2.2   -0.5    2.2  256.2  28.69  30.17   79.6 22222 11111
 20241125 1200   -3.9   -4.4    5.9  221.1  29.18  29.97   75.0 22222 11111
 20241126 1200   -1.8   -5.0    5.3  200.1  28.84  29.87   67.2 22222 11111
 20241127 1200   -0.4   -4.2    4.2  186.0  29.02  29.83   61.4 22222 11111
 20241128 1200    0.6   -4.1    4.2  171.8  29.00  29.72   65.1 22222 11111
 20241129 1200    1.6   -5.2    5.5  162.4  28.92  29.63   67.2 22222 11111
 20241130 1200    1.6   -3.5    3.8  155.1  28.52  29.53   65.1 22222 11111
 20241201 1200    2.8   -3.8    4.7  143.1  28.56  29.43   68.0 22222 11111
 20241202 1200    3.0   -4.5    5.5  146.2  28.50  29.34   66.7 22222 11111
 20241203 1200    2.5   -5.4    5.9  155.3  28.48  29.27   63.8 22222 11111
 20241204 1200    3.4   -2.7    4.4  128.7  28.42  29.23   64.3 22222 11111
 20241205 1200    2.7    1.0    2.9   70.4  28.54  29.31   73.0 22222 11111
 20241206 1200    0.3   -0.6    0.7  150.9  28.85  29.50   70.5 22222 11111
 20241207 1200   -2.2   -2.8    3.6  217.7  28.71  29.28   73.8 22222 11111
 20241208 1200   -3.2   -1.8    3.7  240.9  28.74  29.37   72.5 22222 11111
 20241209 1200   -3.6   -2.0    4.2  240.9  28.87  29.37   74.2 22222 11111
 20241210 1200   -2.1   -1.4    2.5  236.5  28.56  29.32   77.5 22222 11111
 20241211 1200   -1.8   -5.9    6.2  196.5  27.85  29.23   82.9 22222 11111
 20241212 1200   -3.0   -5.8    6.5  207.2  28.89  29.24   78.3 22222 11111
 20241213 1200   -3.4   -5.2    6.2  213.2  29.01  29.25   78.3 22222 11111
 20241214 1200   -1.2   -4.4    4.5  195.9  28.44  29.19   83.3 22222 11111
 20241215 1200   -0.5   -6.3    6.3  184.8  28.15  29.19   85.0 22222 11111
 20241216 1200   -6.0   -2.1    6.3  250.8  28.35  29.24   84.1 22222 11111
 20241217 1200   -4.8   -5.0    7.0  223.7  28.08  29.17   81.2 22222 11111
 20241218 1200   -2.3   -7.3    7.7  197.4  28.59  28.99   78.3 22222 11111
 20241219 1200   -0.1   -7.2    7.2  180.7  28.37  28.99   76.3 22222 11111
 20241220 1200    1.7   -6.2    6.4  164.8  28.14  28.95   72.1 22222 11111
 20241221 1200    1.8   -4.4    4.8  157.5  27.87  28.92   68.0 22222 11111
 20241222 1200    0.8   -4.5    4.6  169.7  27.79  28.95   67.2 22222 11111
 20241223 1200    0.6   -4.9    4.9  172.7  27.80  28.89   66.3 22222 11111
 20241224 1200   -0.5   -2.6    2.6  191.5  27.95  28.89   58.5 22222 11111
 20241225 1200   -0.4   -1.8    1.9  191.5  27.86  29.12   62.6 22222 11111
 20241226 1200   -1.9   -3.2    3.8  211.2  27.97  28.94   68.4 22222 11111
 20241227 1200   -2.9   -4.4    5.3  213.0  27.70  28.94   79.6 22222 11111
 20241228 1200   -2.7   -4.0    4.8  213.9  27.14  28.85   83.7 22222 11111
 20241229 1200   -2.0   -5.2    5.5  201.2  27.82  28.74   82.5 22222 11111
 20241230 1200   -3.6   -2.8    4.6  231.7  28.40  28.90   79.6 22222 11111
 20241231 1200   -3.2   -5.4    6.3  210.7  28.31  28.83   82.5 22222 11111
 20250101 1200   -2.0   -5.0    5.4  202.1  27.84  28.96   82.9 22222 11111
 20250102 1200   -2.2   -5.6    6.0  201.5  28.49  29.20   75.9 22222 11111
 20250103 1200   -3.0   -5.6    6.3  208.2  28.47  29.04   75.0 22222 11111
 20250104 1200   -2.3   -4.0    4.6  209.8  27.90  28.97   78.8 22222 11111
 20250105 1200   -2.4   -6.2    6.6  200.9  28.26  28.86   79.6 22222 11111
 20250106 1200   -4.3   -3.2    5.4  233.2  27.83  28.79   82.5 22222 11111
 20250107 1200   -3.6   -2.6    4.5  233.8  27.13  28.75   85.0 22222 11111
 20250108 1200   -3.7   -4.0    5.5  222.5  27.22  28.77   84.6 22222 11111
 20250109 1200   -4.2   -2.2    4.8  242.0  27.56  28.91   81.7 22222 11111
 20250110 1200   -4.8   -2.0    5.2  246.9  27.27  28.64   82.5 22222 11111
 20250111 1200   -5.1   -3.1    6.0  239.2  27.55  28.40   84.6 22222 11111
 20250112 1200   -6.4   -1.9    6.7  253.5  27.86  28.36   85.4 22222 11111
 20250113 1200   -1.8    3.2    3.7  330.9  27.71  28.47   83.7 22222 11111
 20250114 1200   -3.1   -1.8    3.5  239.4  28.11  28.66   82.5 22222 11111
 20250115 1200   -3.6   -5.8    6.8  211.7  27.54  28.52   84.1 22222 11111
 20250116 1200   -2.5   -4.4    5.0  209.3  27.54  28.51   83.3 22222 11111
 20250117 1200   -3.8   -2.6    4.6  235.2  27.96  28.60   83.3 22222 11111
 20250118 1200   -3.3   -0.6    3.4  260.4  28.00  28.63   82.9 22222 11111
 20250119 1200   -3.7   -0.6    3.8  261.2  28.40  28.70   80.0 22222 11111
 20250120 1200   -2.0   -2.4    3.1  219.8  27.71  28.60   82.9 22222 11111
 20250121 1200   -2.4   -5.0    5.5  205.9  28.36  28.61   83.7 22222 11111
 20250122 1200   -1.3   -6.7    6.8  191.1  28.27  28.55   78.3 22222 11111
 20250123 1200   -0.5   -7.6    7.7  183.5  28.05  28.40   75.4 22222 11111
 20250124 1200   -0.8   -5.5    5.6  188.0  26.64  28.33   86.2 22222 11111
 20250125 1200   -2.1   -3.4    4.0  212.0  27.81  28.38   83.7 22222 11111
 20250126 1200   -1.6   -2.6    3.0  211.2  27.48  28.31   85.0 22222 11111
 20250127 1200    0.2   -4.1    4.1  177.5  27.06  28.20   84.6 22222 11111
 20250128 1200   -1.7   -3.2    3.6  208.5  27.48  28.25   81.7 22222 11111
 20250129 1200   -2.3   -4.2    4.8  208.5  28.18  28.41   77.5 22222 11111
 20250130 1200   -1.7   -3.2    3.6  208.5  28.01  28.48   79.6 22222 11111
 20250131 1200   -1.2   -4.6    4.7  195.2  27.90  28.59   78.3 22222 11111
 20250201 1200   -1.3   -3.2    3.5  202.5  27.93  28.59   78.8 22222 11111
 20250202 1200   -1.5   -1.6    2.2  222.5  28.15  28.53   80.4 22222 11111
 20250203 1200   -1.0   -1.8    2.1  209.5  28.27  28.90   78.8 22222 11111
 20250204 1200   -0.9   -3.2    3.3  195.9  28.16  29.04   80.0 22222 11111
 20250205 1200   -3.2   -5.2    6.1  211.7  27.81  28.68   80.4 22222 11111
 20250206 1200   -4.4   -5.2    6.8  220.1  28.27  28.67   78.8 22222 11111
 20250207 1200   -4.7   -3.5    5.8  233.8  28.41  28.72   78.8 22222 11111
 20250208 1200   -5.2   -2.9    5.9  240.9  28.36  28.90   74.2 22222 11111
 20250209 1200   -3.8   -2.0    4.3  242.2  28.30  28.94   69.6 22222 11111
 20250210 1200   -3.1   -3.4    4.6  222.5  28.26  28.95   73.0 22222 11111
 20250211 1200   -3.6   -4.8    6.0  217.1  28.40  28.95   77.1 22222 11111
 20250212 1200   -4.1   -3.2    5.3  232.0  28.64  29.03   73.8 22222 11111
 20250213 1200   -3.1   -3.6    4.8  220.8  28.53  29.05   74.2 22222 11111
 20250214 1200   -2.1   -3.8    4.3  208.9  28.24  29.18   73.4 22222 11111
 20250215 1200   -0.3   -2.4    2.4  187.8  28.18  29.33   70.1 22222 11111
 20250216 1200   -0.7   -3.6    3.6  190.7  28.31  29.21   75.4 22222 11111
 20250217 1200   -2.0   -2.2    3.0  222.5  28.71  29.35   75.0 22222 11111
 20250218 1200   -3.4   -2.6    4.3  232.3  28.80  29.35   77.5 22222 11111
 20250219 1200   -2.7   -1.0    2.9  250.4  28.86  29.29   68.4 22222 11111
 20250220 1200   -2.4   -2.4    3.4  225.0  28.59  29.24   72.1 22222 11111
 20250221 1200   -1.6   -2.6    3.0  211.2  28.65  29.31   74.2 22222 11111
 20250222 1200   -1.9   -3.4    3.9  209.5  28.70  29.30   77.5 22222 11111
 20250223 1200   -2.9   -3.6    4.7  218.9  28.81  29.38   77.9 22222 11111
 20250224 1200   -2.4   -2.6    3.5  222.5  28.98  29.45   78.3 22222 11111
 20250225 1200   -2.4   -2.6    3.5  222.5  29.10  29.53   76.7 22222 11111
 20250226 1200   -3.2   -2.6    4.1  230.6  29.05  29.46   75.0 22222 11111
 20250227 1200   -0.9   -3.6    3.7  193.9  28.99  29.56   75.9 22222 11111
 20250228 1200    0.6   -5.3    5.3  173.1  28.83  29.43   78.3 22222 11111
 20250301 1200    1.0   -4.7    4.8  167.6  28.78  29.33   77.1 22222 11111
 20250302 1200    0.5   -2.2    2.2  166.2  27.96  29.16   80.0 22222 11111
 20250303 1200   -0.8   -5.1    5.2  188.8  28.67  29.21   82.1 22222 11111
 20250304 1200   -4.5   -3.2    5.6  234.4  29.09  29.28   81.7 22222 11111
 20250305 1200   -2.5   -1.2    2.8  244.9  29.26  29.61   77.9 22222 11111
 20250306 1200   -2.0   -2.4    3.1  219.8  29.05  29.59   77.9 22222 11111
 20250307 1200   -0.1   -2.4    2.4  182.7  29.20  29.85   75.0 22222 11111
 20250308 1200    0.8   -2.9    3.0  165.4  28.88  29.70   75.4 22222 11111
 20250309 1200    0.2   -4.9    4.9  177.5  28.54  29.65   74.2 22222 11111
 20250310 1200   -3.1   -3.8    4.9  219.1  28.74  29.50   75.4 22222 11111
 20250311 1200   -1.5   -1.4    2.0  226.9  29.59  29.98   73.4 22222 11111
 20250312 1200   -2.5   -3.8    4.6  213.3  29.01  29.61   79.2 22222 11111
 20250313 1200   -4.8   -2.6    5.5  240.9  28.63  29.52   80.0 22222 11111
 20250314 1200   -5.3   -0.6    5.3  263.1  29.12  29.51   81.2 22222 11111
 20250315 1200   -4.9    0.8    5.0  279.3  29.35  29.60   77.5 22222 11111
 20250316 1200   -4.7   -1.4    4.9  252.9  29.22  29.61   74.6 22222 11111
 20250317 1200   -1.3   -4.0    4.2  197.7  29.31  29.90   75.9 22222 11111
 20250318 1200   -1.1   -3.4    3.6  198.1  29.42  30.06   74.2 22222 11111
 20250319 1200   -3.5   -4.2    5.5  219.5  29.48  30.01   73.8 22222 11111
 20250320 1200   -3.8   -2.6    4.6  235.2  29.39  30.09   78.8 22222 11111
 20250321 1200   -4.3   -1.2    4.4  254.1  29.31  30.09   80.4 22222 11111
 20250322 1200   -4.2   -1.8    4.6  246.7  29.39  30.13   80.0 22222 11111
 20250323 1200   -4.1   -3.4    5.4  230.2  29.43  30.13   77.5 22222 11111
 20250324 1200   -3.3   -4.2    5.3  217.9  29.49  30.05   77.5 22222 11111
 20250325 1200   -0.3   -3.0    3.0  185.6  28.94  30.17   76.3 22222 11111
 20250326 1200    0.4   -3.5    3.6  174.1  29.20  30.25   70.5 22222 11111
 20250327 1200   -2.3   -3.8    4.5  211.2  29.27  30.18   71.3 22222 11111
 20250328 1200   -2.1   -4.0    4.5  207.6  29.51 -99.90   71.7 22252 11101
 20250329 1200   -0.4   -4.7    4.8  184.9  29.41 -99.90   73.4 22252 11101
 20250330 1200    0.2   -4.3    4.3  177.5  29.26 -99.90   73.0 22252 11101
 20250331 1200    0.8   -4.1    4.2  169.0  29.27 -99.90   72.1 22252 11101
 20250401 1200    0.1   -3.4    3.4  177.5  29.18 -99.90   70.9 22252 11101
 20250402 1200    0.8   -0.9    1.2  140.6  29.20 -99.90   68.8 22252 11101
 20250403 1200    0.6   -0.5    0.8  132.5  29.51 -99.90   69.6 22252 11101
 20250404 1200   -2.9   -1.6    3.3  240.9  29.35 -99.90   72.5 22252 11101
 20250405 1200   -2.1   -1.8    2.7  228.8  29.70 -99.90   71.3 22252 11101
 20250406 1200    0.4   -4.1    4.1  174.6  29.69 -99.90   75.9 22252 11101
 20250407 1200    2.6   -4.0    4.8  146.5  29.95 -99.90   77.1 22252 11101
 20250408 1200    2.0   -3.0    3.6  146.5  29.74 -99.90   73.8 22252 11101
 20250409 1200    3.0   -2.0    3.6  123.0  29.86 -99.90   73.8 22252 11101
 20250410 1200    4.6   -2.2    5.1  116.1  29.74 -99.90   72.1 22252 11101
 20250411 1200    2.8   -1.8    3.3  122.2  29.62 -99.90   68.0 22252 11101
 20250412 1200    1.4   -2.3    2.7  148.9  29.72 -99.90   66.3 22252 11101
 20250413 1200    0.4   -4.3    4.3  174.8  29.60 -99.90   67.6 22252 11101
 20250414 1200    1.6   -4.6    4.9  160.6  29.79 -99.90   68.8 22252 11101
 20250415 1200    0.0   -4.3    4.3  180.2  29.79 -99.90   71.3 22252 11101
 20250416 1200   -0.4   -4.2    4.2  186.0  29.80 -99.90   72.1 22252 11101
 20250417 1200   -1.1   -4.2    4.3  194.2  29.59 -99.90   69.6 22252 11101
 20250418 1200    0.6   -2.9    3.0  169.4  29.53 -99.90   68.0 22252 11101
 20250419 1200    1.6   -2.5    3.0  147.2  29.63 -99.90   67.6 22252 11101
 20250420 1200    0.4   -3.3    3.4  173.9  29.69 -99.90   73.4 22252 11101
 20250421 1200   -1.7   -1.4    2.2  230.6  29.73 -99.90   75.4 22252 11101
 20250422 1200   -1.4    1.3    1.9  312.5  30.10 -99.90   68.8 22252 11101
 20250423 1200    0.2    1.0    1.1   11.5  30.12 -99.90   69.2 22252 11101
 20250424 1200    1.5    1.0    1.8   57.8  29.93 -99.90   72.5 22252 11101
 20250425 1200    3.0   -2.6    4.0  130.4  29.50 -99.90   77.9 22252 11101
 20250426 1200    2.2   -2.6    3.4  139.9  29.89 -99.90   70.1 22252 11101
 20250427 1200    2.2   -2.0    3.0  132.5  29.98 -99.90   68.8 22252 11101
 20250428 1200    0.5   -2.0    2.0  165.0  29.87 -99.90   73.8 22252 11101
 20250429 1200   -1.4   -0.1    1.4  267.5  30.16 -99.90   72.5 22252 11101
 20250430 1200   -0.2   -0.8    0.9  195.9  30.52 -99.90   71.7 22252 11101
 20250501 1200   -2.8   -0.1    2.8  267.5  30.46 -99.90   75.9 22252 11101
 20250502 1200   -2.0    1.2    2.4  301.2  30.54 -99.90   75.0 22252 11101
 20250503 1200    0.5    2.6    2.6   11.5  30.19 -99.90   75.9 22252 11101
 20250504 1200    1.4   -0.4    1.5  105.9  29.40 -99.90   75.9 22252 11101
 20250505 1200    2.0   -2.6    3.3  142.8  30.16 -99.90   73.8 22252 11101
 20250506 1200    2.4   -4.2    4.8  149.8  30.26 -99.90   68.4 22252 11101
 20250507 1200    1.0   -1.1    1.5  138.8  30.08 -99.90   69.2 22252 11101
 20250508 1200    3.1    1.8    3.5   59.4  30.21 -99.90   71.3 22252 11101
 20250509 1200    3.9    0.4    3.9   84.5  30.48 -99.90   71.3 22252 11101
 20250510 1200    3.8    0.0    3.8   90.7  30.10 -99.90   73.0 22252 11101
 20250511 1200    5.0   -1.0    5.0  101.5  28.94 -99.90   76.7 22252 11101
 20250512 1200    5.4   -2.6    6.0  115.8  30.28 -99.90   75.4 22252 11101
 20250513 1200    6.3   -0.5    6.3   94.8  29.55 -99.90   77.1 22252 11101
 20250514 1200    4.4   -2.5    5.0  119.3  30.13 -99.90   72.1 22252 11101
 20250515 1200    3.0   -1.6    3.4  117.2  30.00 -99.90   70.9 22252 11101
 20250516 1200    3.0   -0.3    3.0   95.6  29.89 -99.90   70.9 22252 11101
 20250517 1200    3.4   -0.9    3.5  104.8  29.67 -99.90   75.0 22252 11101
 20250518 1200    4.4   -2.3    4.9  117.2  30.16 -99.90   73.4 22252 11101
 20250519 1200    5.9   -0.3    5.9   93.4  30.46 -99.90   76.7 22252 11101
 20250520 1200    6.2    1.5    6.4   76.5  30.52 -99.90   78.8 22252 11101
 20250521 1200    6.0    2.1    6.3   70.8  30.05 -99.90   77.9 22252 11101
 20250522 1200    6.5    2.3    6.9   70.6  29.35 -99.90   81.2 22252 11101
 20250523 1200    8.8    4.0    9.6   65.7  30.12 -99.90   81.2 22252 11101
 20250524 1200    8.2    4.5    9.3   60.9  29.68 -99.90   80.4 22252 11101
 20250525 1200    8.2    3.2    8.8   69.1  29.58 -99.90   77.9 22252 11101
 20250526 1200    7.5    2.7    8.0   70.0  29.92 -99.90   80.0 22252 11101
 20250527 1200    8.1    1.9    8.3   76.5  29.83 -99.90   81.7 22252 11101
 20250528 1200    9.1    2.4    9.4   75.2  30.22 -99.90   80.4 22252 11101
 20250529 1200    9.6    3.8   10.3   68.4  30.26 -99.90   82.5 22252 11101
 20250530 1200    8.7    2.2    9.0   75.9  30.13 -99.90   82.5 22252 11101
 20250531 1200    7.1    2.1    7.4   73.5  29.83 -99.90   82.5 22252 11101
 20250601 1200    8.1    1.8    8.3   77.8  29.86 -99.90   81.2 22252 11101
 20250602 1200    7.5    3.5    8.2   64.7  29.43 -99.90   80.8 22252 11101
 20250603 1200    8.1    2.4    8.4   73.8  29.89 -99.90   80.0 22252 11101
 20250604 1200    6.3   -0.7    6.3   96.7  29.78 -99.90   79.6 22252 11101
 20250605 1200    4.6   -2.5    5.2  118.1  29.71 -99.90   78.3 22252 11101
 20250606 1200    3.8   -1.9    4.2  116.5  29.51 -99.90   76.7 22252 11101
 20250607 1200    3.8   -1.3    4.0  108.8  29.32 -99.90   77.5 22252 11101
 20250608 1200    5.0   -1.4    5.2  105.9  29.44 -99.90   77.5 22252 11101
 20250609 1200    5.4   -2.0    5.7  110.4  29.55 -99.90   77.9 22252 11101
 20250610 1200    5.6   -2.4    6.1  113.2  28.79 -99.90   78.3 22252 11101
 20250611 1200    5.8   -1.8    6.0  107.2  29.03 -99.90   75.9 22252 11101
 20250612 1200    7.5   -0.5    7.5   93.7  28.90 -99.90   81.2 22252 11101
 20250613 1200    8.8   -0.4    8.8   92.7  29.21 -99.90   79.6 22252 11101
 20250614 1200   10.0    2.6   10.4   75.3  29.35 -99.90   79.2 22252 11101
 20250615 1200   11.2    2.9   11.5   75.6  28.82 -99.90   80.4 22252 11101
 20250616 1200    9.2    2.8    9.7   73.2  29.01 -99.90   80.0 22252 11101
 20250617 1200    7.7    3.1    8.3   67.8  29.30 -99.90   80.0 22252 11101
 20250618 1200    6.5    2.5    7.0   69.1  29.47 -99.90   79.6 22252 11101
 20250619 1200    6.3    2.7    6.9   66.9  29.44 -99.90   80.0 22252 11101
 20250620 1200    5.3    3.5    6.3   56.9  29.36 -99.90   81.2 22252 11101
 20250621 1200    4.3    4.4    6.2   43.8  29.50 -99.90   80.8 22252 11101
 20250622 1200    5.5    4.3    6.9   52.0  29.45 -99.90   80.4 22252 11101
 20250623 1200    5.7    3.9    6.9   55.7  29.52 -99.90   81.7 22252 11101
 20250624 1200    6.1    3.7    7.1   58.8  29.56 -99.90   82.1 22252 11101
 20250625 1200    6.7    3.5    7.5   62.3  29.52 -99.90   81.2 22252 11101
 20250626 1200    8.0    3.9    8.9   63.8  29.73 -99.90   80.4 22252 11101
 20250627 1200    7.8    4.5    9.0   59.8  29.37 -99.90   80.8 22252 11101
 20250628 1200    5.7    4.1    7.0   54.3  29.22 -99.90   78.8 22252 11101
 20250629 1200    4.9    3.6    6.1   53.3  29.34 -99.90   76.7 22252 11101
 20250630 1200    4.2    2.8    5.0   55.7  29.20 -99.90   75.9 22252 11101
 20250701 1200    4.8    4.5    6.6   47.5  28.73 -99.90   81.7 22252 11101
 20250702 1200    6.2    4.5    7.7   54.2  29.35 -99.90   80.8 22252 11101
 20250703 1200    7.2    5.3    8.9   53.5  28.90 -99.90   82.1 22252 11101
 20250704 1200    6.4    5.1    8.2   51.5  29.58 -99.90   80.8 22252 11101
 20250705 1200    6.0    4.1    7.3   56.0  29.48 -99.90   81.2 22252 11101
 20250706 1200    5.9    3.1    6.7   62.5  29.44 -99.90   79.2 22252 11101
 20250707 1200    5.8    2.5    6.3   66.7  29.42 -99.90   80.4 22252 11101
 20250708 1200    6.4    1.3    6.5   78.6  29.39 -99.90   80.4 22252 11101
 20250709 1200    7.9    1.6    8.1   79.0  28.42 -99.90   82.5 22252 11101
 20250710 1200    8.7    1.2    8.8   82.3  29.15 -99.90   78.3 22252 11101
 20250711 1200    7.5    2.3    7.9   72.8  29.26 -99.90   76.3 22252 11101
 20250712 1200    6.6    1.7    6.8   75.5  29.25 -99.90   78.3 22252 11101
 20250713 1200    6.7    3.3    7.5   63.7  29.26 -99.90   79.2 22252 11101
 20250714 1200    7.1    3.3    7.8   64.9  29.30 -99.90   77.5 22252 11101
 20250715 1200    7.2    1.9    7.4   75.0  29.37 -99.90   79.6 22252 11101
 20250716 1200    7.7    1.7    7.9   77.3  29.31 -99.90   80.0 22252 11101
 20250717 1200    8.5    2.0    8.7   77.0  29.32 -99.90   80.4 22252 11101
 20250718 1200    9.0    3.6    9.7   68.3  29.29 -99.90   78.3 22252 11101
 20250719 1200    9.4    3.4   10.0   70.2  28.18 -99.90   80.4 22252 11101
 20250720 1200   10.2    3.4   10.7   71.4  28.06 -99.90   82.5 22252 11101
 20250721 1200    8.7    1.2    8.8   82.3  27.43 -99.90   84.6 22252 11101
 20250722 1200    8.0    0.6    8.0   86.1  26.69 -99.90   87.9 22252 11101
 20250723 1200    7.4    1.3    7.5   79.8  27.42 -99.90   86.6 22252 11101
 20250724 1200    8.3    2.2    8.6   75.4  27.71 -99.90   87.0 22252 11101
 20250725 1200    7.4    4.1    8.5   60.9  28.56 -99.90   85.8 22252 11101
 20250726 1200    6.1    2.9    6.8   64.8  27.99 -99.90   85.4 22252 11101
 20250727 1200    7.1    3.3    7.8   64.9  28.01 -99.90   82.9 22252 11101
 20250728 1200    7.2    0.9    7.2   82.7  28.58 -99.90   82.1 22252 11101
 20250729 1200    8.2   -0.2    8.2   91.7  28.53 -99.90   81.7 22252 11101
 20250730 1200    9.4   -1.0    9.5   96.0  28.58 -99.90   78.8 22252 11101
 20250731 1200    9.3    1.2    9.4   82.6  28.65 -99.90   75.9 22252 11101
 20250801 1200    7.8    0.5    7.8   86.0  28.55 -99.90   77.1 22252 11101
 20250802 1200    7.3   -2.1    7.6  105.9  28.58 -99.90   78.3 22252 11101
 20250803 1200    7.7   -1.7    7.9  102.2  28.54 -99.90   76.7 22252 11101
 20250804 1200    8.3   -1.4    8.4   99.9  28.45 -99.90   77.9 22252 11101
 20250805 1200    7.9   -2.1    8.2  104.6  28.34 -99.90   76.7 22252 11101
 20250806 1200    6.4   -3.7    7.4  120.3  28.18 -99.90   75.9 22252 11101
 20250807 1200    4.2   -4.1    5.9  133.9  28.06 -99.90   76.7 22252 11101
 20250808 1200    3.6   -4.3    5.6  139.8  28.18 -99.90   77.9 22252 11101
 20250809 1200    2.0   -4.0    4.5  153.3  28.25 -99.90   76.3 22252 11101
 20250810 1200    3.2   -1.9    3.8  121.2  28.15 -99.90   76.3 22252 11101
 20250811 1200    5.7   -0.8    5.8   97.6  28.36 -99.90   77.1 22252 11101
 20250812 1200    6.1   -1.4    6.3  102.4  28.40 -99.90   76.3 22252 11101
 20250813 1200    7.0    1.1    7.1   81.0  28.39 -99.90   75.4 22252 11101
 20250814 1200    6.8    3.7    7.8   61.6  28.58 -99.90   76.7 22252 11101
 20250815 1200    7.5    2.7    8.0   70.0  28.70 -99.90   80.8 22252 11101
 20250816 1200    7.5    2.5    7.9   71.4  28.69 -99.90   82.1 22252 11101
 20250817 1200    7.3    3.3    8.0   65.4  28.75 -99.90   82.5 22252 11101
 20250818 1200    6.5    2.5    7.0   69.1  28.69 -99.90   82.1 22252 11101
 20250819 1200    5.8    0.9    5.9   81.6  28.51 -99.90   81.2 22252 11101
 20250820 1200    5.0    1.9    5.3   69.8  28.54 -99.90   81.7 22252 11101
 20250821 1200    4.2    1.6    4.5   69.1  28.70 -99.90   80.4 22252 11101
 20250822 1200    3.2   -1.1    3.4  109.3  28.51 -99.90   78.3 22252 11101
 20250823 1200    2.4   -0.3    2.4   97.8  28.37 -99.90   75.0 22252 11101
 20250824 1200    1.2   -0.2    1.2   98.8  29.00 -99.90   70.9 22252 11101
 20250825 1200    2.9    1.4    3.2   64.3  28.85 -99.90   72.5 22252 11101
 20250826 1200    5.5    3.5    6.5   57.8  29.19 -99.90   75.0 22252 11101
 20250827 1200    7.6    4.3    8.8   60.4  29.18 -99.90   77.5 22252 11101
 20250828 1200    8.1    2.8    8.5   71.2  28.77 -99.90   80.4 22252 11101
 20250829 1200    7.9    2.7    8.3   70.8  28.92 -99.90   81.2 22252 11101
 20250830 1200    7.3    2.7    7.8   69.5  28.75 -99.90   79.2 22252 11101
 20250831 1200    7.2    0.3    7.2   87.5  28.71 -99.90   80.0 22252 11101
 20250901 1200    7.5   -0.5    7.5   93.7  28.62 -99.90   79.6 22252 11101
 20250902 1200    6.8    1.1    6.9   80.8  28.62 -99.90   75.9 22252 11101
 20250903 1200    6.4    0.5    6.5   85.7  28.57 -99.90   76.7 22252 11101
 20250904 1200    5.7    0.1    5.7   89.5  28.45 -99.90   78.3 22252 11101
 20250905 1200    4.7   -0.4    4.8   94.9  28.35 -99.90   77.5 22252 11101
 20250906 1200    4.8   -0.8    4.8   99.8  28.25 -99.90   78.8 22252 11101
 20250907 1200    5.5   -1.8    5.8  107.8  28.34 -99.90   79.6 22252 11101
 20250908 1200    5.7   -1.4    5.9  103.5  28.30 -99.90   77.1 22252 11101
 20250909 1200    5.2   -1.2    5.3  103.1  28.38 -99.90   79.2 22252 11101
 20250910 1200    5.7   -1.6    6.0  105.3  28.41 -99.90   78.8 22252 11101
 20250911 1200    5.2   -1.8    5.5  109.3  28.24 -99.90   80.0 22252 11101
 20250912 1200    5.2   -1.6    5.4  107.3  28.10 -99.90   78.8 22252 11101
 20250913 1200    1.2   -0.4    1.3  109.3  27.49 -99.90   36.5 22252 11101
 20250914 1200  -99.9  -99.9  -99.9  -99.9  26.50 -99.90  -99.9 00250 00100
 20250915 1200  -99.9  -99.9  -99.9  -99.9  27.45 -99.90  -99.9 00250 00100
 20250916 1200  -99.9  -99.9  -99.9  -99.9  27.20 -99.90  -99.9 00250 00100
 20250917 1200  -99.9  -99.9  -99.9  -99.9  27.55 -99.90  -99.9 00250 00100
 20250918 1200  -99.9  -99.9  -99.9  -99.9  27.83 -99.90  -99.9 00250 00100
 20250919 1200  -99.9  -99.9  -99.9  -99.9  27.71 -99.90  -99.9 00250 00100
 20250920 1200  -99.9  -99.9  -99.9  -99.9  27.48 -99.90  -99.9 00250 00100
 20250921 1200  -99.9  -99.9  -99.9  -99.9  27.83 -99.90  -99.9 00250 00100
 20250922 1200  -99.9  -99.9  -99.9  -99.9  27.91 -99.90  -99.9 00250 00100
 20250923 1200  -99.9  -99.9  -99.9  -99.9  27.95 -99.90  -99.9 00250 00100
 20250924 1200  -99.9  -99.9  -99.9  -99.9  27.90 -99.90  -99.9 00250 00100
 20250925 1200  -99.9  -99.9  -99.9  -99.9  26.90 -99.90  -99.9 00250 00100
 20250926 1200  -99.9  -99.9  -99.9  -99.9  27.78 -99.90  -99.9 00250 00100
 20250927 1200  -99.9  -99.9  -99.9  -99.9  28.05 -99.90  -99.9 00250 00100
