 Location: 15N  90E   1 Jan 2020 to 18 Aug 2026 ( 2422 times,  2 blocks) Gen. Date Aug 24 2026
 Units: Winds (m/s), W. Dir (deg), AirT (C), SST (C), Rel. Humidity (%), -99.9 = missing
 Winds Use Oceanographic Convention:(1,1) is NE at sqrt(2) m/s
 Time: 1200  1 Jan 2020 to 1200 23 Jul 2021 (index     1 to   570,  570 times)
 Depth (M):        -4     -4     -4     -4     -3      1     -3 QUALITY SOURCE
 YYYYMMDD HHMM   UWND   VWND   WSPD   WDIR   AIRT    SST     RH SDATH SDATH
 20200101 1200   -5.9   -2.9    6.5  243.8  27.13  26.99   85.5 22222 11111
 20200102 1200   -5.9   -2.1    6.3  250.4  27.29  26.81   85.1 22222 11111
 20200103 1200   -4.1    1.5    4.4  290.6  27.18  26.84   84.4 22222 11111
 20200104 1200   -2.0   -0.7    2.1  250.4  27.25  27.10   82.5 22222 11111
 20200105 1200   -2.4   -2.9    3.8  219.4  27.09  27.19   81.3 22222 11111
 20200106 1200   -3.6   -7.1    8.0  206.6  25.76  27.03   74.1 22222 11111
 20200107 1200   -2.6   -5.8    6.4  204.6  24.99  26.77   68.0 22222 11111
 20200108 1200   -2.5   -3.9    4.6  213.2  25.34  26.75   71.8 22222 11111
 20200109 1200   -0.5   -3.9    3.9  187.8  25.96  26.99   75.2 22222 11111
 20200110 1200   -1.9   -5.8    6.1  197.8  25.89  26.67   72.9 22222 11111
 20200111 1200   -1.6   -7.7    7.9  191.8  25.64  27.11   71.8 22222 11111
 20200112 1200   -0.7   -5.0    5.1  187.9  24.31  27.05   64.5 22222 11111
 20200113 1200   -1.2   -3.3    3.5  199.4  24.60  27.02   62.2 22222 11111
 20200114 1200   -1.8   -2.7    3.3  213.5  24.88  26.87   68.3 22222 11111
 20200115 1200   -2.7   -4.5    5.2  211.3  25.42  26.80   73.3 22222 11111
 20200116 1200   -2.4   -2.7    3.6  221.5  25.91  26.91   77.1 22222 11111
 20200117 1200   -2.4   -3.5    4.2  214.0  25.79  26.78   74.8 22222 11111
 20200118 1200   -3.1   -4.1    5.1  217.5  26.00  26.23   70.3 22222 11111
 20200119 1200   -2.1   -4.5    4.9  205.4  25.92  26.30   71.0 22222 11111
 20200120 1200   -3.5   -4.8    6.0  215.7  26.01  26.09   70.6 22222 11111
 20200121 1200   -4.4   -5.6    7.1  218.2  26.20  25.96   74.4 22222 11111
 20200122 1200   -3.0   -6.0    6.7  206.9  25.46  26.27   77.5 22222 11111
 20200123 1200   -2.5   -4.7    5.3  208.3  25.79  26.71   71.0 22222 11111
 20200124 1200   -3.2   -5.4    6.3  211.0  26.03  26.59   74.1 22222 11111
 20200125 1200   -2.5   -4.7    5.3  208.3  25.51  26.55   65.7 22222 11111
 20200126 1200   -1.1   -3.9    4.0  196.3  25.20  26.36   66.1 22222 11111
 20200127 1200    0.5   -3.3    3.3  171.7  25.84  26.63   64.2 22222 11111
 20200128 1200    0.1   -4.2    4.3  178.8  25.68  26.68   63.4 22222 11111
 20200129 1200   -3.6   -3.1    4.7  229.0  26.13  26.43   70.6 22222 11111
 20200130 1200   -2.0   -2.5    3.2  218.6  26.09  26.71   76.7 22222 11111
 20200131 1200   -3.2   -2.5    4.1  231.9  25.99  26.82   78.6 22222 11111
 20200201 1200   -4.7   -3.3    5.7  235.1  25.92  26.66   77.9 22222 11111
 20200202 1200   -4.7   -4.5    6.4  226.3  26.01  26.82   76.4 22222 11111
 20200203 1200   -4.4   -5.4    7.0  219.2  25.81  26.71   75.6 22222 11111
 20200204 1200   -3.6   -5.8    6.8  212.0  25.52  26.72   69.9 22222 11111
 20200205 1200   -2.3   -4.7    5.2  206.3  25.84  26.64   68.0 22222 11111
 20200206 1200   -3.3   -3.9    5.1  220.6  25.90  26.56   71.4 22222 11111
 20200207 1200   -4.5   -3.3    5.6  234.0  26.03  26.63   71.4 22222 11111
 20200208 1200   -3.5   -4.7    5.8  216.8  25.84  26.72   74.4 22222 11111
 20200209 1200   -3.6   -5.6    6.7  213.0  25.82  26.64   78.3 22222 11111
 20200210 1200   -3.6   -6.2    7.2  210.3  25.72  26.43   78.6 22222 11111
 20200211 1200   -3.6   -6.8    7.7  208.0  25.61  26.48   76.4 22222 11111
 20200212 1200   -1.4   -6.7    6.9  192.0  25.24  26.42   72.2 22222 11111
 20200213 1200   -0.9   -5.2    5.3  189.7  24.80  26.36   61.9 22222 11111
 20200214 1200    1.4   -1.5    2.0  138.2  25.10  26.65   65.7 22222 11111
 20200215 1200   -0.2   -1.8    1.8  185.9  25.59  26.54   71.8 22222 11111
 20200216 1200   -1.0   -2.9    3.1  198.4  25.89  26.80   75.6 22222 11111
 20200217 1200   -1.9   -3.9    4.3  206.6  25.71  26.41   63.4 22222 11111
 20200218 1200   -2.2   -3.1    3.8  215.1  25.54  26.69   63.8 22222 11111
 20200219 1200   -3.2   -3.1    4.4  225.7  25.49  26.71   72.9 22222 11111
 20200220 1200   -4.1   -4.1    5.8  225.2  25.86  26.67   77.9 22222 11111
 20200221 1200   -3.9   -4.8    6.2  218.6  26.37  26.65   76.4 22222 11111
 20200222 1200   -3.5   -5.4    6.4  212.5  26.55  26.72   76.7 22222 11111
 20200223 1200   -3.7   -4.1    5.5  222.3  26.92  26.81   71.4 22222 11111
 20200224 1200   -3.7   -3.7    5.2  225.3  27.00  26.78   68.7 22222 11111
 20200225 1200   -3.8   -2.5    4.5  236.5  26.80  26.78   73.3 22222 11111
 20200226 1200   -3.0   -2.5    3.9  230.1  26.44  27.00   81.3 22222 11111
 20200227 1200   -3.5   -4.7    5.8  216.8  26.13  26.59   80.5 22222 11111
 20200228 1200   -2.9   -4.7    5.5  211.9  25.79  26.63   74.4 22222 11111
 20200229 1200   -1.8   -3.5    3.9  206.7  25.85  26.53   71.8 22222 11111
 20200301 1200   -1.8   -3.1    3.6  209.8  25.83  26.59   74.1 22222 11111
 20200302 1200   -0.2   -2.0    2.0  185.1  25.83  26.81   73.3 22222 11111
 20200303 1200    0.7   -1.4    1.6  152.2  25.73  27.00   69.5 22222 11111
 20200304 1200   -0.9   -1.0    1.4  223.8  25.79  27.02   67.6 22222 11111
 20200305 1200   -0.7    1.2    1.4  327.8  25.82  27.13   70.3 22222 11111
 20200306 1200   -1.2   -0.7    1.4  237.8  26.59  27.36   74.8 22222 11111
 20200307 1200   -0.8   -0.8    1.1  223.8  26.29  27.12   81.7 22222 11111
 20200308 1200    0.5   -3.5    3.5  172.1  26.93  27.36   76.4 22222 11111
 20200309 1200   -1.7   -3.9    4.3  204.2  26.80  27.13   80.2 22222 11111
 20200310 1200   -1.2   -3.1    3.3  200.6  26.89  27.42   70.3 22222 11111
 20200311 1200   -1.0   -2.9    3.1  198.4  26.64  27.30   72.9 22222 11111
 20200312 1200   -1.1   -3.7    3.9  197.2  26.69  27.32   80.5 22222 11111
 20200313 1200   -2.1   -4.1    4.6  207.6  26.89  27.41   84.0 22222 11111
 20200314 1200   -1.0   -3.3    3.5  196.2  27.14  27.65   83.6 22222 11111
 20200315 1200   -1.9   -3.7    4.2  207.8  27.27  27.40   86.3 22222 11111
 20200316 1200   -2.2   -3.5    4.1  211.7  27.40  27.57   87.4 22222 11111
 20200317 1200   -1.6   -2.5    3.0  212.5  27.50  27.76   81.7 22222 11111
 20200318 1200   -0.1   -3.1    3.1  182.6  27.40  28.09   81.3 22222 11111
 20200319 1200    0.1   -2.9    2.9  178.8  27.46  28.14   80.5 22222 11111
 20200320 1200   -0.4   -1.8    1.8  192.8  27.99  28.45   75.2 22222 11111
 20200321 1200   -1.5   -1.1    1.9  233.3  27.84  28.58   75.2 22222 11111
 20200322 1200   -1.5   -1.4    2.0  228.2  27.75  28.40   73.7 22222 11111
 20200323 1200   -1.1   -1.6    1.9  214.3  27.46  28.71   75.2 22222 11111
 20200324 1200   -2.2   -2.9    3.6  217.0  27.30  28.47   78.3 22222 11111
 20200325 1200    0.3   -1.8    1.8  171.7  27.43  28.40   76.0 22222 11111
 20200326 1200   -0.6   -1.6    1.7  202.0  27.54  28.27   77.1 22222 11111
 20200327 1200    1.5   -3.8    4.1  158.6  27.84  28.28   78.6 22222 11111
 20200328 1200    2.0   -1.0    2.2  117.8  28.18  28.62   77.1 22222 11111
 20200329 1200    2.2   -0.8    2.3  110.6  28.11  28.65   81.7 22222 11111
 20200330 1200    1.9   -1.7    2.6  130.4  28.31  28.63   85.1 22222 11111
 20200331 1200    1.3   -2.1    2.5  147.8  28.48  28.82   85.5 22222 11111
 20200401 1200    1.8   -1.7    2.4  133.8  28.56  29.18   84.0 22222 11111
 20200402 1200   -0.3    0.6    0.7  332.2  28.85  29.32   74.8 22222 11111
 20200403 1200   -1.4    0.9    1.6  302.5  29.00  29.43   68.3 22222 11111
 20200404 1200   -1.1   -1.2    1.6  223.8  28.53  29.44   71.4 22222 11111
 20200405 1200    0.9   -1.4    1.6  145.1  28.89  29.64   73.3 22222 11111
 20200406 1200    2.0   -1.2    2.3  122.5  28.75  29.41   77.9 22222 11111
 20200407 1200    2.2   -0.4    2.2  100.1  28.76  29.50   76.7 22222 11111
 20200408 1200    1.8   -1.3    2.2  125.7  28.89  29.66   76.7 22222 11111
 20200409 1200    0.5    0.8    1.0   32.5  28.94  29.73   72.2 22222 11111
 20200410 1200   -0.3   -0.6    0.7  205.4  28.96  29.91   71.4 22222 11111
 20200411 1200   -0.4   -1.8    1.8  192.8  28.71  30.08   72.9 22222 11111
 20200412 1200    1.2   -1.1    1.6  133.8  28.64  30.20   74.1 22222 11111
 20200413 1200    0.8   -0.3    0.9  107.2  28.84  30.53   74.4 22222 11111
 20200414 1200   -0.6   -0.3    0.7  242.2  29.06  30.79   74.8 22222 11111
 20200415 1200    1.0   -0.5    1.1  115.4  29.22  30.68   73.7 22222 11111
 20200416 1200    1.0    0.8    1.2   51.9  29.51  30.57   71.0 22222 11111
 20200417 1200    1.5    2.0    2.4   36.7  29.30  30.71   70.3 22222 11111
 20200418 1200    1.0    0.0    1.0   88.8  29.57  30.77   71.8 22222 11111
 20200419 1200   -1.0   -0.5    1.1  242.2  29.56  30.56   72.2 22222 11111
 20200420 1200   -1.1   -1.0    1.5  230.1  29.57  30.54   71.4 22222 11111
 20200421 1200   -1.9   -2.1    2.8  220.8  29.39  30.38   73.7 22222 11111
 20200422 1200   -1.1   -1.0    1.5  230.1  29.71  30.46   70.3 22222 11111
 20200423 1200   -1.0    0.5    1.1  295.4  29.87  30.73   72.9 22222 11111
 20200424 1200   -0.3    2.2    2.2  353.1  29.94  30.59   72.9 22222 11111
 20200425 1200   -0.9    2.9    3.0  342.9  30.24  30.56   74.1 22222 11111
 20200426 1200   -1.5    3.5    3.8  336.4  30.26  30.51   77.5 22222 11111
 20200427 1200   -3.3    1.2    3.5  289.4  29.20  30.14   79.4 22222 11111
 20200428 1200   -1.9    1.9    2.7  313.8  29.44  30.03   78.6 22222 11111
 20200429 1200   -1.0    0.2    1.1  282.8  29.39  30.47   76.7 22222 11111
 20200430 1200   -0.3    1.0    1.1  344.8  29.81  30.53   74.8 22222 11111
 20200501 1200    0.0    0.0    0.0    0.0  30.31  31.14   71.8 22222 11111
 20200502 1200    1.0    2.2    2.4   25.4  30.07  30.96   73.3 22222 11111
 20200503 1200    0.5    1.2    1.3   20.6  30.41  30.79   74.4 22222 11111
 20200504 1200   -0.6    0.6    0.8  313.8  30.81  30.88   72.5 22222 11111
 20200505 1200    0.2    1.2    1.2   10.1  30.70  31.26   74.1 22222 11111
 20200506 1200    1.2   -1.1    1.6  133.8  30.46  31.27   73.7 22222 11111
 20200507 1200    1.1   -1.9    2.2  149.8  30.57  31.40   74.1 22222 11111
 20200508 1200    2.3   -1.6    2.9  124.8  30.74  31.46   74.1 22222 11111
 20200509 1200    0.5   -2.5    2.6  169.3  30.69  31.27   75.6 22222 11111
 20200510 1200    0.7   -1.8    1.9  158.2  30.53  31.47   72.5 22222 11111
 20200511 1200   -1.9   -1.3    2.3  235.1  30.56  31.49   71.0 22222 11111
 20200512 1200   -2.9   -1.3    3.2  245.6  30.76  31.38   70.3 22222 11111
 20200513 1200   -3.5   -0.5    3.5  262.1  30.80  31.41   75.6 22222 11111
 20200514 1200   -5.6    3.2    6.5  300.1  30.08  31.12   79.4 22222 11111
 20200515 1200   -4.7    3.3    5.7  305.3  29.68  30.96   80.5 22222 11111
 20200516 1200   -6.4    2.4    6.8  290.9  29.94  30.79   80.9 22222 11111
 20200517 1200  -10.7    2.3   11.0  282.1  30.27  30.60   81.7 22222 11111
 20200518 1200   -7.4   12.2   14.3  328.8  29.88  30.06   81.7 22222 11111
 20200519 1200    5.7   12.3   13.6   25.0  29.36 -99.90   80.9 22202 11101
 20200520 1200    5.7    7.0    9.0   39.4  28.86 -99.90   87.0 22202 11101
 20200521 1200    3.8    6.4    7.4   30.8  29.27  29.09   89.7 22222 11111
 20200522 1200    3.5    5.2    6.3   33.5  29.24  29.29   88.2 22222 11111
 20200523 1200    1.1    4.8    5.0   12.8  29.16  29.26   85.1 22222 11111
 20200524 1200    0.3    3.9    3.9    4.8  29.33  29.68   83.2 22222 11111
 20200525 1200    0.3    3.9    3.9    4.8  29.56  29.66   84.0 22222 11111
 20200526 1200   -0.3    4.8    4.8  356.4  29.72  29.81   84.4 22222 11111
 20200527 1200    2.1    5.0    5.5   22.6  29.70  29.87   84.7 22222 11111
 20200528 1200    2.5    4.5    5.1   29.4  29.69  29.84   85.9 22222 11111
 20200529 1200    2.5    3.7    4.5   34.6  29.98  30.12   84.0 22222 11111
 20200530 1200    2.6    3.3    4.2   37.9  30.05  29.98   84.0 22222 11111
 20200531 1200    1.4    2.1    2.6   33.8  30.04  30.49   82.1 22222 11111
 20200601 1200    1.1    1.0    1.5   50.1  30.36 -99.90   76.7 22202 11101
 20200602 1200    2.8    2.1    3.5   53.3  30.20  30.83   78.6 22222 11111
 20200603 1200    4.6    1.1    4.7   76.5  29.90  30.43   81.3 22222 11111
 20200604 1200    5.5    2.1    5.9   69.2  30.26  30.34   82.8 22222 11111
 20200605 1200    5.5    2.7    6.1   63.9  30.27  30.21   83.6 22222 11111
 20200606 1200    5.3    2.9    6.0   61.4  28.66  30.06   86.3 22222 11111
 20200607 1200    3.9    0.7    3.9   79.8  28.75  29.90   80.9 22222 11111
 20200608 1200    4.0    1.3    4.2   72.1  28.56  29.76   82.1 22222 11111
 20200609 1200    4.0    1.1    4.2   74.8  28.40  29.65   85.5 22222 11111
 20200610 1200    5.0    5.0    7.1   44.9  28.78  29.84   84.4 22222 11111
 20200611 1200    5.9    7.5    9.6   38.0  28.83  29.71   84.7 22222 11111
 20200612 1200    5.5    7.5    9.3   36.1  29.57  29.56   83.6 22222 11111
 20200613 1200    5.3    6.8    8.6   38.3  29.80  29.53   84.7 22222 11111
 20200614 1200    4.8    6.4    8.0   36.8  29.76  29.59   85.5 22222 11111
 20200615 1200    4.4    6.6    7.9   33.7  28.97  29.59   87.0 22222 11111
 20200616 1200    4.7    7.2    8.6   33.6  29.87  29.73   87.0 22222 11111
 20200617 1200    4.4    7.1    8.4   31.4  29.89  29.77   87.4 22222 11111
 20200618 1200    5.4    4.7    7.1   49.4  29.38  29.75   85.9 22222 11111
 20200619 1200    4.8    5.6    7.4   40.6  29.32  29.78   87.8 22222 11111
 20200620 1200    4.2    6.8    8.0   31.7  29.11  29.71   87.0 22222 11111
 20200621 1200    4.2    5.0    6.6   40.1  29.22  29.74   86.6 22222 11111
 20200622 1200    2.1    5.2    5.6   21.7  29.50  29.82   85.1 22222 11111
 20200623 1200    0.3    3.5    3.5    5.5  29.93  30.12   83.6 22222 11111
 20200624 1200   -2.1    2.6    3.4  321.2  29.67  30.25   80.5 22222 11111
 20200625 1200   -0.7    4.0    4.1  350.3  29.53  30.17   80.2 22222 11111
 20200626 1200    1.9    4.7    5.0   22.3  29.76  30.09   80.5 22222 11111
 20200627 1200    3.1    4.7    5.6   33.6  29.86  30.10   80.9 22222 11111
 20200628 1200    2.9    4.7    5.5   31.9  29.95  30.17   80.9 22222 11111
 20200629 1200    2.3    4.7    5.2   26.4  29.34  30.16   82.8 22222 11111
 20200630 1200    2.5    5.6    6.1   23.7  29.08  30.02   82.5 22222 11111
 20200701 1200    6.2    3.1    7.0   63.7  28.55  29.88   84.4 22222 11111
 20200702 1200    6.0    5.4    8.1   47.8  28.75  29.77   84.7 22222 11111
 20200703 1200    6.9    7.0    9.8   44.6  28.80  29.70   85.5 22222 11111
 20200704 1200    5.7    8.5   10.2   33.7  29.42  29.60   83.6 22222 11111
 20200705 1200    6.3    7.3    9.7   40.5  29.56  29.55   82.8 22222 11111
 20200706 1200    6.0    5.0    7.8   49.9  29.21  29.53   83.2 22222 11111
 20200707 1200    4.5    4.7    6.4   43.8  29.73  29.56   84.7 22222 11111
 20200708 1200    1.5    5.2    5.4   15.9  28.83  29.45   85.1 22222 11111
 20200709 1200    2.5    4.7    5.3   28.3  29.06  29.52   82.1 22222 11111
 20200710 1200    4.4    5.0    6.7   41.4  29.63  29.63   82.1 22222 11111
 20200711 1200    5.1    4.1    6.5   51.2  29.77  29.66   81.3 22222 11111
 20200712 1200    4.5    3.7    5.8   50.8  29.41  29.61   83.2 22222 11111
 20200713 1200    5.0    4.7    6.8   47.3  29.32  29.60   84.0 22222 11111
 20200714 1200    4.4    5.0    6.7   41.4  27.98  29.53   86.6 22222 11111
 20200715 1200    4.2    6.6    7.8   32.5  28.33  29.45   85.9 22222 11111
 20200716 1200    4.4    5.0    6.7   41.4  29.14  29.37   84.0 22222 11111
 20200717 1200    2.5    5.8    6.3   22.9  29.05  29.32   84.0 22222 11111
 20200718 1200    0.9    4.1    4.2   12.8  28.45  29.47   84.0 22222 11111
 20200719 1200    1.9    4.5    4.8   23.2  29.28  29.54   81.3 22222 11111
 20200720 1200    3.3    5.0    6.0   33.0  29.34  29.48   82.1 22222 11111
 20200721 1200    3.7    4.1    5.5   42.3  29.57  29.57   81.7 22222 11111
 20200722 1200    3.7    5.0    6.2   36.0  29.55  29.50   81.7 22222 11111
 20200723 1200    3.4    2.3    4.1   55.9  28.22  29.43   85.1 22222 11111
 20200724 1200    1.8    2.5    3.1   35.7  28.29  29.46   80.2 22222 11111
 20200725 1200    1.4   -0.2    1.4   98.3  29.47  30.12   76.4 22222 11111
 20200726 1200    2.5   -0.8    2.7  107.2  29.65  30.11   77.1 22222 11111
 20200727 1200    1.6    0.7    1.7   65.6  29.60  30.13   77.9 22222 11111
 20200728 1200   -1.5    2.7    3.1  330.5  29.11  30.08   80.9 22222 11111
 20200729 1200   -0.7    5.0    5.0  352.0  29.40  29.95   82.1 22222 11111
 20200730 1200    3.3    4.7    5.7   35.3  29.24  29.83   84.0 22222 11111
 20200731 1200    4.6    1.9    5.0   67.4  28.18  29.66   85.1 22222 11111
 20200801 1200    6.1    3.1    6.8   63.0  28.94  29.76   82.8 22222 11111
 20200802 1200    9.9    2.7   10.2   74.5  29.11  29.71   81.7 22222 11111
 20200803 1200   10.8    1.6   11.0   81.7  28.06 -99.90   88.6 22202 11101
 20200804 1200   12.3    4.7   13.2   69.0  28.87 -99.90   84.4 22202 11101
 20200805 1200    7.4    8.5   11.3   41.0  29.27 -99.90   83.6 22202 11101
 20200806 1200    4.9    7.3    8.8   33.9  29.81 -99.90   84.4 22202 11101
 20200807 1200    4.5    4.3    6.2   46.4  29.46  29.32   86.3 22222 11111
 20200808 1200    6.0    3.3    6.9   61.5  28.43  29.27   88.2 22222 11111
 20200809 1200    7.1    5.8    9.2   50.7  29.02 -99.90   83.2 22202 11101
 20200810 1200    6.0    5.4    8.1   47.8  29.05  29.19   84.0 22222 11111
 20200811 1200    6.5    5.2    8.4   51.4  29.30  29.23   84.4 22222 11111
 20200812 1200    8.1    5.0    9.5   58.0  29.00 -99.90   85.9 22202 11101
 20200813 1200    8.8    6.2   10.8   54.8  28.65 -99.90   85.9 22202 11101
 20200814 1200    8.6    5.8   10.4   56.0  28.59 -99.90   83.6 22202 11101
 20200815 1200    6.1    6.2    8.7   44.7  28.30 -99.90   85.9 22202 11101
 20200816 1200    6.1    6.0    8.6   45.6  28.83 -99.90   83.6 22202 11101
 20200817 1200    4.9    8.1    9.5   31.2  29.43 -99.90   83.2 22202 11101
 20200818 1200    6.1    7.3    9.5   39.7  28.92 -99.90   84.4 22202 11101
 20200819 1200    6.1    7.9   10.0   37.5  28.80 -99.90   84.7 22202 11101
 20200820 1200    4.3    7.5    8.7   30.0  29.35 -99.90   84.4 22202 11101
 20200821 1200    4.4    6.4    7.7   34.5  29.38 -99.90   83.6 22202 11101
 20200822 1200    5.8    5.0    7.7   49.0  29.31 -99.90   82.1 22202 11101
 20200823 1200    7.5    5.2    9.2   55.1  29.18 -99.90   82.1 22202 11101
 20200824 1200    6.5    5.2    8.4   51.4  28.90 -99.90   84.0 22202 11101
 20200825 1200    6.5    5.4    8.5   50.4  29.29 -99.90   85.1 22202 11101
 20200826 1200    5.7    6.6    8.7   41.1  29.22 -99.90   84.4 22202 11101
 20200827 1200    5.2    5.2    7.4   44.9  29.35 -99.90   84.4 22202 11101
 20200828 1200    4.9    3.5    6.0   54.6  29.32 -99.90   83.2 22202 11101
 20200829 1200    3.6    1.3    3.9   70.4  29.17 -99.90   82.1 22202 11101
 20200830 1200    3.1   -0.6    3.2  100.1  29.11 -99.90   80.5 22202 11101
 20200831 1200    3.3   -0.1    3.3   92.4  29.33  29.52   82.1 22222 11111
 20200901 1200    1.3    1.8    2.2   35.7  29.38  29.84   80.5 22222 11111
 20200902 1200   -1.9    2.9    3.4  326.1  29.57  30.03   78.3 22222 11111
 20200903 1200   -2.4   -0.5    2.4  258.5  29.58  30.20   79.0 22222 11111
 20200904 1200   -2.6    0.4    2.6  278.3  29.52  30.19   80.5 22222 11111
 20200905 1200   -1.0    0.9    1.4  313.8  30.04  30.53   77.1 22222 11111
 20200906 1200    0.3    3.5    3.5    5.5  29.92  30.27   78.6 22222 11111
 20200907 1200    1.7    1.9    2.6   40.4  29.88  30.50   77.1 22222 11111
 20200908 1200    0.6    2.6    2.6   12.8  29.58  30.42   78.6 22222 11111
 20200909 1200    1.6    2.9    3.3   28.5  29.16  30.28   81.7 22222 11111
 20200910 1200    2.3    3.9    4.5   31.1  29.64  30.32   79.0 22222 11111
 20200911 1200    3.0    1.7    3.5   60.7  28.80  30.07   80.5 22222 11111
 20200912 1200    3.3    3.5    4.8   43.8  29.21  30.10   80.2 22222 11111
 20200913 1200    3.3    4.8    5.8   34.1  29.40  30.13   80.5 22222 11111
 20200914 1200    3.2    5.8    6.6   29.2  29.47  30.03   80.2 22222 11111
 20200915 1200    4.6    6.2    7.7   36.5  29.05  29.88   81.7 22222 11111
 20200916 1200    3.8    5.6    6.8   34.3  29.36  29.69   80.9 22222 11111
 20200917 1200    5.1    3.5    6.2   55.6  29.38  29.67   80.9 22222 11111
 20200918 1200    5.5    1.5    5.7   74.8  28.84  29.52   84.4 22222 11111
 20200919 1200    3.9    3.3    5.1   50.1  28.61  29.51   84.7 22222 11111
 20200920 1200    8.6    7.6   11.4   48.6  28.95  29.48   82.8 22222 11111
 20200921 1200    8.0    7.0   10.6   49.0  28.83  29.37   84.4 22222 11111
 20200922 1200    5.0    6.8    8.4   36.2  29.57  29.13   82.8 22222 11111
 20200923 1200    3.1    5.2    6.1   30.4  29.42  29.29   82.8 22222 11111
 20200924 1200    2.7    4.5    5.2   31.3  29.02  29.32   84.0 22222 11111
 20200925 1200    4.8    6.4    8.0   36.8  28.78  29.18   80.9 22222 11111
 20200926 1200    4.6    6.0    7.5   37.5  28.87  29.20   80.9 22222 11111
 20200927 1200    6.4    4.8    8.0   52.8  29.17  29.21   81.3 22222 11111
 20200928 1200    6.1    2.3    6.5   69.3  28.62  29.15   85.1 22222 11111
 20200929 1200    5.5    1.1    5.7   78.7  27.18  29.11   87.0 22222 11111
 20200930 1200    6.2    4.8    7.8   51.9  28.94  29.19   82.1 22222 11111
 20201001 1200    5.0    4.7    6.8   47.3  29.37  29.17   82.1 22222 11111
 20201002 1200    5.0    4.3    6.6   49.9  29.33  29.23   82.8 22222 11111
 20201003 1200    4.8    5.6    7.4   40.6  29.32  29.26   82.8 22222 11111
 20201004 1200    2.9    3.7    4.7   38.6  28.44  29.19   85.1 22222 11111
 20201005 1200    2.4    6.9    7.3   19.2  29.40  29.30   83.2 22222 11111
 20201006 1200    2.0    6.2    6.5   18.3  29.29  29.41   83.2 22222 11111
 20201007 1200    1.5    1.1    1.9   53.3  29.20  29.57   80.9 22222 11111
 20201008 1200   -0.3   -0.8    0.9  197.2  29.55  29.87   78.3 22222 11111
 20201009 1200   -1.5   -4.5    4.7  198.8  28.36  29.39   82.1 22222 11111
 20201010 1200    0.3   -1.4    1.4  169.3  28.23  29.33   84.0 22222 11111
 20201011 1200    1.1    4.7    4.8   13.4  27.63  29.24   88.6 22222 11111
 20201012 1200    3.3    5.0    6.0   33.0  27.73  29.10   87.8 22222 11111
 20201013 1200    4.7    3.9    6.1   50.4  27.77  28.95   86.6 22222 11111
 20201014 1200    3.3    3.5    4.8   43.8  27.82  28.94   87.0 22222 11111
 20201015 1200    2.4    2.3    3.4   46.3  28.80  29.03   82.8 22222 11111
 20201016 1200    0.3   -0.6    0.7  152.2  28.76  29.35   80.5 22222 11111
 20201017 1200   -2.2    0.2    2.2  274.5  29.14  29.48   80.5 22222 11111
 20201018 1200   -1.8    1.1    2.1  300.8  27.93  29.06   85.9 22222 11111
 20201019 1200    3.5    0.3    3.5   85.4  28.04  29.14   87.0 22222 11111
 20201020 1200    4.3    4.7    6.3   42.5  28.46  28.91   87.0 22222 11111
 20201021 1200    4.0    7.3    8.3   28.4  28.67  28.90   86.3 22222 11111
 20201022 1200    4.0    7.0    8.0   29.8  28.91  28.93   86.3 22222 11111
 20201023 1200    4.9    3.9    6.2   51.6  29.38  28.99   85.5 22222 11111
 20201024 1200    1.0    2.0    2.2   27.9  28.58  29.06   84.0 22222 11111
 20201025 1200   -1.0   -0.3    1.1  254.8  29.05  29.61   80.5 22222 11111
 20201026 1200   -0.5    1.0    1.1  332.2  28.67  29.56   80.5 22222 11111
 20201027 1200   -2.7   -0.9    2.9  251.7  28.96  29.52   78.6 22222 11111
 20201028 1200   -0.4   -1.8    1.8  192.8  28.99  29.62   77.9 22222 11111
 20201029 1200    0.5   -3.7    3.7  172.5  28.25  29.42   83.2 22222 11111
 20201030 1200    0.3   -2.4    2.4  173.6  29.16  29.36   79.8 22222 11111
 20201031 1200    2.0   -0.6    2.1  107.2  28.87  29.36   81.7 22222 11111
 20201101 1200    1.6    0.5    1.7   72.8  29.04  29.65   80.5 22222 11111
 20201102 1200   -1.3    2.3    2.6  330.2  29.43  29.67   79.0 22222 11111
 20201103 1200   -2.3    1.8    3.0  308.1  29.56  29.61   77.9 22222 11111
 20201104 1200   -1.1    1.3    1.8  319.0  29.64  29.88   76.0 22222 11111
 20201105 1200   -3.0   -1.7    3.5  240.7  29.60  29.96   76.7 22222 11111
 20201106 1200   -3.7   -4.1    5.5  222.3  29.63  29.79   76.4 22222 11111
 20201107 1200   -4.2   -5.6    7.0  217.0  29.39  29.43   72.2 22222 11111
 20201108 1200   -3.7   -4.8    6.1  217.2  28.98  29.44   80.2 22222 11111
 20201109 1200   -6.2    0.5    6.2  274.3  28.09  29.34   81.7 22222 11111
 20201110 1200   -4.7    1.1    4.8  283.4  28.13  29.10   80.9 22222 11111
 20201111 1200   -7.5    0.2    7.5  271.8  29.45  29.13   73.3 22222 11111
 20201112 1200   -5.8   -3.7    6.9  237.8  29.30  29.16   77.5 22222 11111
 20201113 1200   -6.4   -3.9    7.5  238.9  29.35  29.16   78.6 22222 11111
 20201114 1200   -6.3   -2.7    6.8  246.7  28.79  29.12   81.7 22222 11111
 20201115 1200   -5.7   -1.9    6.0  251.6  29.30  29.14   79.4 22222 11111
 20201116 1200   -4.7   -3.1    5.6  236.8  29.04  29.13   77.5 22222 11111
 20201117 1200   -4.5   -2.9    5.4  237.5  28.96  29.17   76.4 22222 11111
 20201118 1200   -3.9   -3.9    5.5  225.3  28.89  29.16   74.4 22222 11111
 20201119 1200   -3.7   -3.9    5.4  223.8  29.00  29.13   69.5 22222 11111
 20201120 1200   -4.0   -5.0    6.5  218.8  28.76  29.10   70.3 22222 11111
 20201121 1200   -4.3   -3.9    5.8  228.0  28.70  29.06   70.6 22222 11111
 20201122 1200   -6.0   -3.3    6.9  241.5  28.65  29.04   73.3 22222 11111
 20201123 1200   -7.2   -3.7    8.1  242.9  28.91  28.97   74.4 22222 11111
 20201124 1200   -6.5   -1.1    6.6  260.2  28.71  28.90   80.5 22222 11111
 20201125 1200   -7.1    0.1    7.1  270.4  29.10  28.91   78.3 22222 11111
 20201126 1200   -6.7   -0.1    6.7  268.8  29.04  28.89   76.0 22222 11111
 20201127 1200   -6.5   -1.7    6.7  255.2  29.08  28.85   76.7 22222 11111
 20201128 1200   -5.5   -3.5    6.5  237.5  28.74  28.86   76.4 22222 11111
 20201129 1200   -5.4   -4.5    7.0  230.6  28.73  28.82   73.3 22222 11111
 20201130 1200   -6.0   -4.5    7.5  233.4  28.70  28.76   74.4 22222 11111
 20201201 1200   -7.0   -3.5    7.8  243.5  28.83  28.71   78.3 22222 11111
 20201202 1200   -6.7   -1.3    6.8  258.8  28.82  28.70   78.3 22222 11111
 20201203 1200   -6.3   -2.3    6.7  249.8  28.75  28.72   78.6 22222 11111
 20201204 1200   -4.7    1.1    4.8  283.4  27.78  28.63   79.4 22222 11111
 20201205 1200   -3.5    0.3    3.5  275.5  27.48  28.62   80.2 22222 11111
 20201206 1200   -3.7   -1.1    3.8  253.3  27.31  28.66   80.5 22222 11111
 20201207 1200   -4.4   -2.5    5.0  240.2  27.22  28.39   76.4 22222 11111
 20201208 1200   -4.7   -4.5    6.4  226.3  28.14  28.52   63.0 22222 11111
 20201209 1200   -4.2   -5.8    7.2  216.0  27.98  28.51   57.7 22222 11111
 20201210 1200   -2.1   -4.3    4.8  206.4  27.39  28.39   63.0 22222 11111
 20201211 1200   -2.5   -3.7    4.5  214.6  27.24  28.33   61.5 22222 11111
 20201212 1200   -2.5   -4.5    5.1  209.4  27.20  28.26   61.1 22222 11111
 20201213 1200   -2.9   -4.3    5.2  214.3  26.94  28.26   64.5 22222 11111
 20201214 1200   -4.9   -4.1    6.3  230.1  27.20  28.12   68.7 22222 11111
 20201215 1200   -5.6   -4.3    7.1  232.9  27.55  28.06   73.3 22222 11111
 20201216 1200   -4.7   -3.7    6.0  231.9  27.58  28.12   75.6 22222 11111
 20201217 1200   -4.0   -5.0    6.5  218.8  27.59  28.30   76.4 22222 11111
 20201218 1200   -4.8   -5.8    7.5  219.6  27.50  28.26   72.5 22222 11111
 20201219 1200   -3.4   -6.8    7.6  206.7  26.52  28.19   67.6 22222 11111
 20201220 1200   -3.5   -5.4    6.4  212.5  26.23  28.20   69.5 22222 11111
 20201221 1200   -2.7   -5.0    5.7  208.1  26.51  28.17   72.2 22222 11111
 20201222 1200   -3.1   -5.4    6.2  209.4  26.79  28.14   74.8 22222 11111
 20201223 1200   -3.5   -5.4    6.4  212.5  26.70  28.17   74.4 22222 11111
 20201224 1200   -2.8   -3.5    4.5  218.3  26.37  28.14   66.8 22222 11111
 20201225 1200   -2.3   -4.8    5.4  205.4  26.45  28.07   69.5 22222 11111
 20201226 1200   -4.0   -5.6    6.9  215.7  26.88  28.07   74.1 22222 11111
 20201227 1200   -4.4   -5.2    6.8  220.3  26.99  28.28   75.2 22222 11111
 20201228 1200   -4.5   -4.8    6.6  222.6  27.07  28.42   75.6 22222 11111
 20201229 1200   -3.9   -4.1    5.6  223.8  26.87  28.28   73.7 22222 11111
 20201230 1200   -4.4   -5.0    6.7  221.4  26.28  28.27   67.6 22222 11111
 20201231 1200   -4.5   -4.3    6.2  226.4  26.22  28.12   71.8 22222 11111
 20210101 1200   -6.0   -4.1    7.3  236.0  27.22  28.07   76.0 22222 11111
 20210102 1200   -5.7   -3.7    6.7  237.0  27.03  28.05   73.3 22222 11111
 20210103 1200   -6.2   -3.1    7.0  243.7  26.92  27.97   74.1 22222 11111
 20210104 1200   -5.3   -3.1    6.1  239.8  27.03  27.81   77.5 22222 11111
 20210105 1200   -5.3   -2.9    6.0  241.4  27.09  27.86   78.3 22222 11111
 20210106 1200   -3.0   -1.7    3.5  240.7  27.30  28.00   77.9 22222 11111
 20210107 1200   -3.4   -3.3    4.7  225.5  27.05 -99.90   73.3 22202 11101
 20210108 1200   -4.5   -2.5    5.2  241.2  27.44 -99.90   77.1 22202 11101
 20210109 1200   -4.9   -2.3    5.5  245.1  27.64 -99.90   81.7 22202 11101
 20210110 1200   -4.2   -1.9    4.6  245.6  27.71  28.22   78.6 22222 11111
 20210111 1200   -4.6   -1.7    4.9  249.6  27.56  28.27   75.2 22222 11111
 20210112 1200   -5.3   -1.9    5.7  250.4  27.63  28.25   75.2 22222 11111
 20210113 1200   -4.8   -2.1    5.2  246.2  27.54  28.17   75.6 22222 11111
 20210114 1200   -5.3   -2.1    5.7  248.5  27.37  28.16   71.8 22222 11111
 20210115 1200   -2.6   -2.3    3.5  228.6  27.33  28.18   58.8 22222 11111
 20210116 1200   -2.8   -2.5    3.8  228.2  26.45  28.15   56.1 22222 11111
 20210117 1200   -4.3   -3.1    5.3  234.5  26.14  28.12   58.4 22222 11111
 20210118 1200   -4.9   -4.1    6.3  230.1  26.40  28.03   68.0 22222 11111
 20210119 1200   -4.9   -3.5    6.0  234.6  26.64  27.88   80.9 22222 11111
 20210120 1200   -2.7   -1.7    3.2  237.2  26.95  28.05   82.5 22222 11111
 20210121 1200   -1.3   -1.6    2.0  219.4  26.85  28.33   73.3 22222 11111
 20210122 1200   -2.9   -1.9    3.4  236.1  26.49  28.08   72.9 22222 11111
 20210123 1200   -3.4   -3.3    4.7  225.5  26.56  27.79   54.6 22222 11111
 20210124 1200   -3.8   -2.9    4.8  232.4  25.93  27.97   57.7 22222 11111
 20210125 1200   -3.9   -4.7    6.0  219.8  26.07  28.02   66.1 22222 11111
 20210126 1200   -4.4   -6.0    7.4  216.3  26.53  27.98   66.8 22222 11111
 20210127 1200   -4.8   -6.2    7.8  217.7  26.43  27.75   66.1 22222 11111
 20210128 1200   -5.2   -5.8    7.8  221.8  26.12  27.51   67.2 22222 11111
 20210129 1200   -3.3   -4.3    5.4  217.8  26.10  27.52   69.9 22222 11111
 20210130 1200   -4.5   -3.3    5.6  234.0  26.43  26.96   72.2 22222 11111
 20210131 1200   -5.6   -4.3    7.1  232.9  26.66  26.98   74.1 22222 11111
 20210201 1200   -4.8   -6.0    7.7  218.6  26.04  26.90   68.7 22222 11111
 20210202 1200   -4.0   -6.8    7.8  210.5  25.37  26.88   61.9 22222 11111
 20210203 1200   -3.0   -5.6    6.4  208.5  25.43  26.68   58.8 22222 11111
 20210204 1200   -3.1   -4.3    5.3  216.1  25.23  26.71   66.8 22222 11111
 20210205 1200   -2.4   -3.5    4.2  214.0  25.94  27.18   73.7 22222 11111
 20210206 1200   -2.1   -4.1    4.6  207.6  26.16  27.45   74.1 22222 11111
 20210207 1200   -3.2   -5.6    6.5  210.1  26.21  27.42   71.4 22222 11111
 20210208 1200   -2.8   -7.3    7.8  200.9  25.52  27.16   64.9 22222 11111
 20210209 1200   -3.5   -5.4    6.4  212.5  25.61  27.05   63.0 22222 11111
 20210210 1200   -2.5   -3.9    4.6  213.2  25.73  27.28   68.0 22222 11111
 20210211 1200   -2.8   -3.1    4.2  221.8  26.14  27.18   65.7 22222 11111
 20210212 1200   -3.3   -3.7    5.0  222.2  25.83  26.28   64.5 22222 11111
 20210213 1200   -3.7   -3.5    5.1  227.0  26.12  26.40   65.3 22222 11111
 20210214 1200   -3.3   -3.9    5.1  220.6  26.04  26.18   69.1 22222 11111
 20210215 1200   -3.0   -3.3    4.4  221.9  25.55  26.14   73.7 22222 11111
 20210216 1200   -1.6   -3.3    3.7  205.4  25.55  26.26   71.8 22222 11111
 20210217 1200   -3.1   -3.7    4.8  220.4  25.93  26.73   67.6 22222 11111
 20210218 1200   -4.2   -2.5    4.9  239.1  26.58  26.44   76.4 22222 11111
 20210219 1200   -3.4   -2.1    4.0  238.3  26.45  26.28   86.3 22222 11111
 20210220 1200   -4.3   -4.1    5.9  226.5  26.45  26.21   82.5 22222 11111
 20210221 1200   -3.2   -3.3    4.6  223.8  26.47  26.07   82.8 22222 11111
 20210222 1200   -1.9   -3.7    4.2  207.8  26.31  26.20   83.2 22222 11111
 20210223 1200   -2.0   -3.5    4.0  209.3  26.43  26.49   79.0 22222 11111
 20210224 1200   -0.6   -2.4    2.4  194.1  26.45 -99.90   78.3 22202 11101
 20210225 1200    1.7   -1.9    2.6  137.2  26.45  26.79   76.7 22222 11111
 20210226 1200    2.9   -0.4    3.0   96.9  26.51  26.81   77.1 22222 11111
 20210227 1200    1.8   -1.3    2.2  125.7  26.48  26.92   78.6 22222 11111
 20210228 1200    1.0   -0.5    1.1  115.4  26.43  27.18   79.4 22222 11111
 20210301 1200    0.3   -2.4    2.4  173.6  26.38  27.29   80.9 22222 11111
 20210302 1200    0.3   -0.6    0.7  152.2  26.80  27.41   76.7 22222 11111
 20210303 1200   -0.8   -2.4    2.5  198.8  26.88  27.36   77.1 22222 11111
 20210304 1200   -2.9   -1.9    3.4  236.1  27.02  27.38   79.4 22222 11111
 20210305 1200   -2.3   -0.9    2.5  248.8  27.18  27.42   78.6 22222 11111
 20210306 1200   -0.5    1.8    1.8  344.8  27.45  27.79   83.2 22222 11111
 20210307 1200   -1.8   -0.5    1.8  254.8  27.93  28.19   79.0 22222 11111
 20210308 1200   -2.3   -1.3    2.6  240.2  27.42  28.15   80.2 22222 11111
 20210309 1200   -1.0   -2.4    2.6  203.2  27.40  28.38   80.5 22222 11111
 20210310 1200   -1.4   -2.5    2.9  209.1  27.50  28.29   77.5 22222 11111
 20210311 1200   -1.4   -3.3    3.6  202.4  27.54  28.22   79.0 22222 11111
 20210312 1200   -1.2   -3.3    3.5  199.4  27.51  28.21   79.8 22222 11111
 20210313 1200   -0.1   -4.5    4.5  181.4  27.58  28.48   77.9 22222 11111
 20210314 1200   -0.5   -3.7    3.7  188.3  27.75  28.33   80.9 22222 11111
 20210315 1200   -1.8   -3.5    3.9  206.7  27.98 -99.90   76.4 22202 11101
 20210316 1200   -1.8   -3.1    3.6  209.8  28.10  28.27   72.2 22222 11111
 20210317 1200   -1.8   -3.5    3.9  206.7  28.17  28.13   69.1 22222 11111
 20210318 1200   -1.2   -3.5    3.7  198.2  27.96  28.49   73.7 22222 11111
 20210319 1200   -0.5   -3.7    3.7  188.3  28.12  28.30   71.4 22222 11111
 20210320 1200    1.1   -3.1    3.3  160.4  27.76  28.37   76.7 22222 11111
 20210321 1200    1.7   -2.1    2.7  140.1  28.09  28.26   74.1 22222 11111
 20210322 1200   -0.1   -2.7    2.8  183.2  28.27  28.58   82.5 22222 11111
 20210323 1200   -1.7   -1.6    2.3  227.6  28.55  28.56   78.3 22222 11111
 20210324 1200   -0.4   -1.4    1.5  197.2  28.54 -99.90   80.5 22202 11101
 20210325 1200    0.9   -1.6    1.8  149.1  28.87  29.23   82.1 22222 11111
 20210326 1200   -0.6   -2.6    2.6  192.8  28.77  28.99   83.2 22222 11111
 20210327 1200   -1.0    0.2    1.1  282.8  28.95  29.07   80.9 22222 11111
 20210328 1200    1.0    0.3    1.1   74.8  29.08  29.04   84.0 22222 11111
 20210329 1200    3.1    0.9    3.2   73.9  29.26  29.15   81.7 22222 11111
 20210330 1200    5.1    2.1    5.5   67.8  29.22  29.00   82.1 22222 11111
 20210331 1200    4.4    5.6    7.1   38.2  29.18  29.00   80.5 22222 11111
 20210401 1200    4.2    5.0    6.6   40.1  29.34  29.01   81.3 22222 11111
 20210402 1200    1.0    2.9    3.1   18.4  29.42  29.21   81.3 22222 11111
 20210403 1200    2.3    0.7    2.4   73.5  29.25  29.33   80.2 22222 11111
 20210404 1200   -2.0   -2.3    3.1  221.1  29.19  29.23   78.3 22222 11111
 20210405 1200   -2.2   -2.9    3.6  217.0  29.13  29.23   76.4 22222 11111
 20210406 1200   -1.9   -1.5    2.4  230.9  29.34  29.59   69.1 22222 11111
 20210407 1200   -1.4    0.4    1.5  287.2  29.26  29.86   68.0 22222 11111
 20210408 1200    0.2    1.8    1.8    5.9  29.19  29.87   66.8 22222 11111
 20210409 1200   -1.4    0.2    1.4  278.3  29.34 -99.90   69.1 22202 11101
 20210410 1200   -1.6   -0.9    1.8  239.1  29.55 -99.90   71.8 22202 11101
 20210411 1200   -1.7   -1.6    2.3  227.6  29.57  30.14   72.2 22222 11111
 20210412 1200   -1.8   -0.9    2.0  242.2  29.46  30.01   73.3 22222 11111
 20210413 1200   -1.2   -0.3    1.2  257.5  29.88  30.14   72.9 22222 11111
 20210414 1200   -0.3   -0.6    0.7  205.4  30.22  30.64   72.5 22222 11111
 20210415 1200   -0.6   -1.8    1.9  199.4  28.71  30.61   78.3 22222 11111
 20210416 1200   -2.4    1.2    2.6  297.4  28.09  30.03   77.1 22222 11111
 20210417 1200   -0.9   -1.6    1.8  208.5  29.30  30.09   72.9 22222 11111
 20210418 1200    1.0    0.0    1.0   88.8  30.25  30.48   68.7 22222 11111
 20210419 1200    1.4   -0.2    1.4   98.3  29.83  30.88   70.6 22222 11111
 20210420 1200    1.4    0.5    1.5   70.4  29.97  30.70   69.9 22222 11111
 20210421 1200    1.4    0.3    1.4   79.3  30.10  30.98   68.3 22222 11111
 20210422 1200    2.4   -1.0    2.6  113.2  29.93  30.55   68.7 22222 11111
 20210423 1200    2.9   -2.2    3.6  127.0  29.92  30.40   69.1 22222 11111
 20210424 1200    2.7   -1.2    3.0  113.6  30.01  30.40   71.8 22222 11111
 20210425 1200    2.2    0.3    2.2   83.1  30.26  30.54   67.2 22222 11111
 20210426 1200    2.9    1.5    3.2   62.2  30.26  30.45   61.9 22222 11111
 20210427 1200    2.3    1.9    3.0   49.5  30.21  30.58   65.3 22222 11111
 20210428 1200    1.1    1.0    1.5   50.1  30.27  30.89   67.2 22222 11111
 20210429 1200   -1.0    0.7    1.2  305.7  30.40  30.97   69.5 22222 11111
 20210430 1200   -1.1    1.5    1.9  323.3  30.56  30.86   69.9 22222 11111
 20210501 1200   -1.0    0.9    1.4  313.8  30.67  31.08   68.3 22222 11111
 20210502 1200   -1.8   -0.3    1.8  261.7  30.78  31.12   70.6 22222 11111
 20210503 1200   -2.2    0.4    2.2  280.1  30.69  31.17   71.0 22222 11111
 20210504 1200   -2.7   -0.5    2.8  260.1  30.96  31.35   72.2 22222 11111
 20210505 1200   -2.6    0.4    2.6  278.3  30.63  31.31   73.7 22222 11111
 20210506 1200   -3.1   -0.5    3.1  261.2  30.91  31.37   72.2 22222 11111
 20210507 1200   -3.5    0.3    3.5  275.5  30.84  31.18   74.4 22222 11111
 20210508 1200   -2.3   -0.9    2.5  248.8  30.90  31.43   72.2 22222 11111
 20210509 1200   -1.6    0.0    1.6  268.8  30.83  31.51   72.2 22222 11111
 20210510 1200    1.4   -0.9    1.6  122.5  31.03  31.63   71.8 22222 11111
 20210511 1200    2.5   -1.0    2.7  111.4  31.20  31.54   71.0 22222 11111
 20210512 1200    2.3    1.7    2.9   52.8  31.27  31.39   73.3 22222 11111
 20210513 1200    2.4    2.5    3.5   43.8  31.28  31.55   74.8 22222 11111
 20210514 1200    2.2    3.1    3.8   35.0  31.41  31.65   75.2 22222 11111
 20210515 1200   -0.1    2.4    2.4  358.8  31.52  31.92   73.3 22222 11111
 20210516 1200   -0.9    1.9    2.1  334.8  31.40  32.02   71.8 22222 11111
 20210517 1200   -0.3    0.6    0.7  332.2  31.70  32.20   69.1 22222 11111
 20210518 1200    1.9    1.3    2.3   55.1  31.50  32.15   72.2 22222 11111
 20210519 1200    1.7    1.1    2.1   56.8  31.17  32.21   73.7 22222 11111
 20210520 1200    3.4    1.7    3.8   63.6  30.29  31.99   76.7 22222 11111
 20210521 1200    3.8    3.1    4.9   50.5  29.61  31.59   79.8 22222 11111
 20210522 1200    5.1    2.5    5.7   64.0  28.64  31.34   84.0 22222 11111
 20210523 1200    5.6   -0.7    5.6   96.9  28.74  31.18   86.6 22222 11111
 20210524 1200   16.1    4.4   16.7   74.8  27.77 -99.90   86.3 22202 11101
 20210525 1200    7.8    6.8   10.4   49.1  29.66 -99.90   85.5 22202 11101
 20210526 1200    5.1    7.9    9.4   32.8  30.19 -99.90   85.5 22202 11101
 20210527 1200    1.4    6.4    6.5   12.8  30.02 -99.90   87.8 22202 11101
 20210528 1200    2.3    4.5    5.0   27.4  30.17 -99.90   84.4 22202 11101
 20210529 1200    1.6    3.3    3.7   25.4  30.28 -99.90   80.9 22202 11101
 20210530 1200    2.5    3.9    4.6   33.2  30.64  30.29   79.8 22222 11111
 20210531 1200    2.7    4.7    5.4   30.1  30.46  30.15   82.1 22222 11111
 20210601 1200    2.1    4.3    4.8   26.4  30.57  30.39   80.2 22222 11111
 20210602 1200    1.0    3.1    3.3   17.2  30.62  30.72   78.3 22222 11111
 20210603 1200    0.6    3.1    3.2   10.1  30.71  30.79   77.1 22222 11111
 20210604 1200    1.4    2.9    3.2   25.4  30.74  30.89   76.0 22222 11111
 20210605 1200    2.2    3.5    4.1   31.7  30.72  30.86   77.9 22222 11111
 20210606 1200    3.8    3.1    4.9   50.5  30.93  30.93   77.9 22222 11111
 20210607 1200    5.5    3.5    6.5   57.5  31.01  30.87   78.3 22222 11111
 20210608 1200    6.8    4.8    8.3   54.4  30.56  30.56   81.3 22222 11111
 20210609 1200    5.3    6.8    8.6   38.3  29.49  30.31   83.2 22222 11111
 20210610 1200    6.9    6.8    9.7   45.4  30.33  30.24   81.7 22222 11111
 20210611 1200    8.0    7.4   10.9   47.4  29.92  30.17   81.7 22222 11111
 20210612 1200    8.0    7.9   11.3   45.2  29.44  29.96   83.2 22222 11111
 20210613 1200    6.8    8.3   10.8   39.4  29.63  29.74   82.8 22222 11111
 20210614 1200    7.8    7.9   11.1   44.5  29.20  29.49   84.7 22222 11111
 20210615 1200    7.2    7.9   10.7   42.3  30.04  29.43   82.8 22222 11111
 20210616 1200    6.2    8.3   10.4   37.0  30.21  29.38   84.0 22222 11111
 20210617 1200    4.9    8.5    9.8   30.0  29.09  29.32   86.3 22222 11111
 20210618 1200    4.3    7.7    8.8   29.3  30.01  29.35   84.7 22222 11111
 20210619 1200    5.1    7.0    8.7   36.5  30.00  29.44   84.0 22222 11111
 20210620 1200    5.7    6.6    8.7   41.1  30.04  29.42   84.0 22222 11111
 20210621 1200    6.5    6.2    9.0   46.4  29.96  29.38   85.5 22222 11111
 20210622 1200    5.2    6.2    8.1   39.9  29.65  29.29   84.7 22222 11111
 20210623 1200    4.8    6.4    8.0   36.8  29.76  29.29   82.1 22222 11111
 20210624 1200    5.4    5.6    7.8   43.8  29.12  29.27   84.0 22222 11111
 20210625 1200    4.7    4.3    6.3   47.6  29.85  29.33   82.1 22222 11111
 20210626 1200    3.1    5.4    6.2   29.4  29.44  29.36   82.5 22222 11111
 20210627 1200    1.3    5.6    5.7   12.8  29.73  29.53   81.3 22222 11111
 20210628 1200    1.5    4.7    4.9   18.0  29.78  29.58   79.8 22222 11111
 20210629 1200    3.5    4.8    6.0   35.7  29.85  29.58   79.8 22222 11111
 20210630 1200    4.6    4.8    6.7   43.8  29.97  29.54   81.7 22222 11111
 20210701 1200    5.2    6.4    8.2   39.0  29.94  29.53   82.5 22222 11111
 20210702 1200    4.0    6.2    7.4   32.9  29.76  29.55   81.7 22222 11111
 20210703 1200    3.0    5.8    6.5   27.7  29.87  29.63   83.6 22222 11111
 20210704 1200    3.7    4.8    6.1   37.2  29.78  29.71   82.5 22222 11111
 20210705 1200    2.6    3.3    4.2   37.9  30.08  29.89   79.8 22222 11111
 20210706 1200    3.1    4.7    5.6   33.6  29.93  29.83   80.9 22222 11111
 20210707 1200    3.1    4.7    5.6   33.6  30.15  29.87   81.7 22222 11111
 20210708 1200    4.8    4.8    6.8   45.0  30.23  29.91   82.5 22222 11111
 20210709 1200    5.5    3.7    6.6   56.1  29.11  29.78   84.4 22222 11111
 20210710 1200    5.3    2.9    6.0   61.4  28.51  29.61   84.4 22222 11111
 20210711 1200    2.1    4.7    5.1   24.4  28.95  29.51   81.7 22222 11111
 20210712 1200    2.8    6.0    6.6   25.4  28.39  29.47   86.6 22222 11111
 20210713 1200    1.3    5.2    5.4   13.9  29.05  29.50   81.7 22222 11111
 20210714 1200    0.5    4.1    4.1    7.3  29.11  29.66   81.7 22222 11111
 20210715 1200   -0.5    2.5    2.6  349.3  29.59  29.93   78.3 22222 11111
 20210716 1200    2.9    1.9    3.4   56.1  29.02  29.66   82.1 22222 11111
 20210717 1200    2.8    3.3    4.3   40.0  29.25  29.65   81.3 22222 11111
 20210718 1200    3.6    5.2    6.4   35.0  29.40  29.50   81.7 22222 11111
 20210719 1200    5.6    5.6    7.9   44.8  29.25  29.39   83.2 22222 11111
 20210720 1200    8.3    4.5    9.4   61.7  28.60  29.33   88.6 22222 11111
 20210721 1200   10.0    4.3   10.9   66.8  28.42 -99.90   85.1 22202 11101
 20210722 1200    8.8    7.4   11.5   50.0  28.99 -99.90   81.7 22202 11101
 20210723 1200    6.4    8.9   11.0   35.9  29.65 -99.90   81.7 22202 11101
 Time: 1200 20 Mar 2025 to 1200 18 Aug 2026 (index  1906 to  2422,  517 times)
 Depth (M):        -4     -4     -4     -4     -3      1     -3 QUALITY SOURCE
 YYYYMMDD HHMM   UWND   VWND   WSPD   WDIR   AIRT    SST     RH SDATH SDATH
 20250320 1200   -2.7   -0.9    2.9  251.7  28.08  29.49   75.3 22222 11111
 20250321 1200   -2.9   -1.1    3.1  249.2  28.19  29.47   72.2 22222 11111
 20250322 1200   -3.4   -2.9    4.5  229.3  28.02  29.41   73.7 22222 11111
 20250323 1200   -4.0   -2.1    4.5  242.2  28.44  29.51   74.1 22222 11111
 20250324 1200   -2.2   -3.3    4.0  213.3  27.84  29.22   74.1 22222 11111
 20250325 1200   -0.6   -3.3    3.4  189.4  27.89  28.75   73.7 22222 11111
 20250326 1200    1.1   -2.7    2.9  157.8  27.76  28.81   71.8 22222 11111
 20250327 1200    3.3   -0.8    3.4  102.8  28.06  28.76   76.1 22222 11111
 20250328 1200    3.5    0.7    3.6   78.8  28.48  28.87   76.9 22222 11111
 20250329 1200    1.5    0.9    1.8   59.1  28.51  29.12   73.7 22222 11111
 20250330 1200   -1.4    0.9    1.6  302.5  28.56  29.30   70.2 22222 11111
 20250331 1200   -1.4    1.1    1.8  308.6  28.47  29.28   62.8 22222 11111
 20250401 1200   -1.0    0.5    1.1  295.4  28.26  29.60   67.5 22222 11111
 20250402 1200   -2.3   -1.7    2.9  232.8  28.60  29.40   74.9 22222 11111
 20250403 1200   -2.4   -0.1    2.4  268.8  28.65  29.19   81.2 22222 11111
 20250404 1200   -2.0    0.6    2.1  287.2  29.09  29.67   78.1 22222 11111
 20250405 1200   -1.4   -0.3    1.4  259.3  29.27  30.00   75.3 22222 11111
 20250406 1200   -3.5    2.0    4.0  299.3  29.03  29.49   75.7 22222 11111
 20250407 1200   -7.2   -0.1    7.2  268.8  27.14  29.28   86.7 22222 11111
 20250408 1200   -8.8    6.5   10.9  306.5  27.19  28.84   79.2 22222 11111
 20250409 1200   -3.5    5.1    6.2  325.6  27.71  28.72   84.3 22222 11111
 20250410 1200    0.3    6.8    6.8    2.2  28.08  28.75   85.5 22222 11111
 20250411 1200    5.2    1.9    5.5   69.7  28.54  28.82   84.3 22222 11111
 20250412 1200    1.6   -1.5    2.1  133.8  29.08  29.60   78.4 22222 11111
 20250413 1200   -1.2   -0.7    1.4  237.8  28.89  29.64   76.1 22222 11111
 20250414 1200   -2.0   -0.5    2.0  256.3  28.92  29.50   74.5 22222 11111
 20250415 1200   -1.4    0.9    1.6  302.5  29.02  29.62   74.9 22222 11111
 20250416 1200    0.0    1.8    1.8  358.8  28.74  29.69   80.4 22222 11111
 20250417 1200    1.2    2.9    3.2   22.0  29.37  29.88   78.8 22222 11111
 20250418 1200    2.2    2.5    3.4   41.3  29.45  29.90   78.8 22222 11111
 20250419 1200    1.8    2.3    3.0   38.1  29.54  30.03   76.9 22222 11111
 20250420 1200    1.4    2.9    3.2   25.4  29.77  30.17   77.7 22222 11111
 20250421 1200    1.1    1.4    1.8   38.6  29.64  30.39   77.3 22222 11111
 20250422 1200    1.5    1.6    2.1   43.8  29.96  30.67   74.9 22222 11111
 20250423 1200    3.0    2.1    3.7   55.1  30.02  30.64   75.3 22222 11111
 20250424 1200    1.9    1.9    2.7   43.8  30.09  30.65   76.1 22222 11111
 20250425 1200    1.6    2.1    2.7   37.5  30.18  30.82   73.7 22222 11111
 20250426 1200    0.4    1.4    1.5   17.2  30.18  30.96   72.2 22222 11111
 20250427 1200   -2.0   -0.3    2.0  262.5  30.12  31.03   73.0 22222 11111
 20250428 1200    0.1    2.8    2.8    3.2  29.76  30.84   75.3 22222 11111
 20250429 1200   -2.7    1.6    3.2  300.4  27.96  30.41   80.4 22222 11111
 20250430 1200   -0.5    2.0    2.0  346.3  29.45  30.90   75.7 22222 11111
 20250501 1200   -1.0   -0.3    1.0  254.8  29.88  31.15   70.2 22222 11111
 20250502 1200    1.0    0.5    1.1   62.2  30.15  31.36   67.9 22222 11111
 20250503 1200    1.6   -0.2    1.6   96.9  29.97  31.20   68.7 22222 11111
 20250504 1200    1.7    1.8    2.4   43.8  30.14  30.97   69.4 22222 11111
 20250505 1200    2.2    2.1    3.1   46.5  30.45  31.24   71.4 22222 11111
 20250506 1200    2.7   -1.8    3.3  123.5  30.46  31.10   74.1 22222 11111
 20250507 1200    1.6   -1.3    2.0  129.4  30.34  31.30   71.4 22222 11111
 20250508 1200    1.8   -1.5    2.3  130.0  30.34  31.36   70.2 22222 11111
 20250509 1200    1.6   -1.3    2.0  129.4  30.56  31.36   68.3 22222 11111
 20250510 1200    3.1   -1.2    3.4  110.6  30.43  31.09   70.2 22222 11111
 20250511 1200    3.7   -0.7    3.8  101.3  30.41  31.09   70.6 22222 11111
 20250512 1200    1.0    0.5    1.1   62.2  30.60  31.36   71.4 22222 11111
 20250513 1200   -0.3    2.0    2.0  352.5  30.90  31.70   72.2 22222 11111
 20250514 1200    0.0    1.6    1.6  358.8  31.08  31.75   73.7 22222 11111
 20250515 1200    0.8    1.8    2.0   25.4  30.36  31.63   74.5 22222 11111
 20250516 1200   -0.3    2.2    2.2  353.1  29.67  31.42   78.8 22222 11111
 20250517 1200   -2.5    4.2    4.9  329.1  29.98  31.20   80.4 22222 11111
 20250518 1200   -4.1    4.3    6.0  316.5  30.38  31.20   77.7 22222 11111
 20250519 1200   -1.3    6.7    6.9  348.8  30.00  31.05   80.0 22222 11111
 20250520 1200   -0.5    6.8    6.8  355.4  30.05  30.94   80.0 22222 11111
 20250521 1200    1.7    5.6    5.9   16.6  29.99  30.91   81.2 22222 11111
 20250522 1200    3.3    4.9    5.9   34.1  30.45  30.97   80.0 22222 11111
 20250523 1200    6.3    1.5    6.5   76.5  29.98  30.95   80.0 22222 11111
 20250524 1200    3.0    3.3    4.5   42.0  29.24  30.84   83.5 22222 11111
 20250525 1200    7.1    1.9    7.4   74.8  28.70  30.53   83.1 22222 11111
 20250526 1200    8.6    4.1    9.5   64.4  29.04  30.58   83.9 22222 11111
 20250527 1200    8.3    7.0   10.9   49.7  28.76  30.31   85.5 22222 11111
 20250528 1200    9.1    6.7   11.3   53.7  28.59  29.87   87.8 22222 11111
 20250529 1200    8.5    7.6   11.4   48.0  29.32  29.72   85.1 22222 11111
 20250530 1200    5.4    7.6    9.3   35.2  29.62  29.60   84.7 22222 11111
 20250531 1200    5.4    6.6    8.6   39.1  29.54  29.62   85.5 22222 11111
 20250601 1200    6.8    6.5    9.3   46.4  30.01  29.86   85.9 22222 11111
 20250602 1200    6.8    5.7    8.8   50.1  30.08  30.00   84.3 22222 11111
 20250603 1200    5.2    5.9    7.8   41.8  30.16  30.17   83.5 22222 11111
 20250604 1200    4.5    5.5    7.0   39.2  30.11  30.28   83.1 22222 11111
 20250605 1200    4.7    4.5    6.5   46.3  30.19  30.38   82.4 22222 11111
 20250606 1200    4.5    3.5    5.7   52.3  30.18  30.41   81.6 22222 11111
 20250607 1200    5.4    0.9    5.5   80.4  30.33  30.59   82.0 22222 11111
 20250608 1200    5.1    3.1    6.0   58.8  30.15  30.44   83.1 22222 11111
 20250609 1200    4.6    2.1    5.1   65.3  28.00  30.15   85.9 22222 11111
 20250610 1200    3.9    5.8    7.0   33.4  29.27  30.16   79.2 22222 11111
 20250611 1200    3.3    4.9    5.9   34.1  29.30  30.15   83.9 22222 11111
 20250612 1200    3.7    5.1    6.3   36.0  29.36  30.12   84.3 22222 11111
 20250613 1200    6.1    3.7    7.1   58.7  28.83  30.21   83.9 22222 11111
 20250614 1200    6.6    5.9    8.8   48.3  28.13  30.11   86.7 22222 11111
 20250615 1200    7.3    6.5    9.8   48.7  29.48  29.95   83.9 22222 11111
 20250616 1200    6.3    7.6    9.9   39.8  29.83  29.87   82.7 22222 11111
 20250617 1200    6.3    7.2    9.6   41.3  30.04  29.73   83.1 22222 11111
 20250618 1200    6.5    7.2    9.8   42.2  30.05  29.76   83.1 22222 11111
 20250619 1200    6.0    7.6    9.7   38.0  30.09  29.82   82.4 22222 11111
 20250620 1200    6.2    6.2    8.8   44.7  29.97  29.84   83.5 22222 11111
 20250621 1200    6.1    3.1    6.8   63.0  29.44  29.82   83.9 22222 11111
 20250622 1200    5.6    2.3    6.0   67.3  27.77  29.53   88.6 22222 11111
 20250623 1200    9.4    2.8    9.8   73.7  28.65  29.51   82.7 22222 11111
 20250624 1200    7.7    3.1    8.3   67.8  28.20  29.44   84.3 22222 11111
 20250625 1200    6.2    5.9    8.5   46.6  28.81  29.35   83.9 22222 11111
 20250626 1200    4.4    6.6    8.0   33.7  29.09  29.38   85.5 22222 11111
 20250627 1200    5.4    5.5    7.7   44.8  29.16  29.38   85.5 22222 11111
 20250628 1200    6.8    6.5    9.3   46.4  29.51  29.35   85.1 22222 11111
 20250629 1200    6.8    6.2    9.2   47.3  28.29  29.37   86.3 22222 11111
 20250630 1200    8.0    5.5    9.7   55.4  29.09  29.33   83.5 22222 11111
 20250701 1200    7.2    6.3    9.5   48.8  28.93  29.36   83.1 22222 11111
 20250702 1200    6.6    6.5    9.2   45.5  28.88  29.30   83.9 22222 11111
 20250703 1200    6.4    6.8    9.3   42.9  28.95  29.21   84.3 22222 11111
 20250704 1200    7.0    5.7    9.0   50.9  29.46  29.25   85.5 22222 11111
 20250705 1200    7.2    5.9    9.3   50.7  29.48  29.26   85.9 22222 11111
 20250706 1200    7.5    6.8   10.2   47.7  29.52  29.24   85.9 22222 11111
 20250707 1200    6.5    7.0    9.6   43.0  29.53  29.24   86.3 22222 11111
 20250708 1200    5.6    7.6    9.4   36.1  29.50  29.31   86.3 22222 11111
 20250709 1200    5.4    6.4    8.4   40.0  29.18  29.22   84.3 22222 11111
 20250710 1200    5.0    6.4    8.2   37.9  29.44  29.24   85.9 22222 11111
 20250711 1200    6.0    5.5    8.1   47.8  29.46  29.30   86.7 22222 11111
 20250712 1200    6.8    4.1    8.0   59.1  29.49  29.32   87.4 22222 11111
 20250713 1200    6.6    5.3    8.5   51.4  29.53  29.33   87.8 22222 11111
 20250714 1200    5.3    4.7    7.0   48.4  29.54  29.40   87.4 22222 11111
 20250715 1200    3.5    3.7    5.1   43.8  29.51  29.59   84.7 22222 11111
 20250716 1200    2.2    3.3    4.0   33.3  29.23  29.81   83.9 22222 11111
 20250717 1200    2.5    0.9    2.7   70.4  28.69  29.92   83.1 22222 11111
 20250718 1200    5.6    2.3    6.0   67.3  28.45  29.66   83.9 22222 11111
 20250719 1200    4.2    1.9    4.6   65.6  28.07  29.44   84.3 22222 11111
 20250720 1200    3.2    2.7    4.2   49.7  28.77  29.76   82.7 22222 11111
 20250721 1200    7.6    4.5    8.8   59.4  28.44  29.57   84.7 22222 11111
 20250722 1200    9.5    5.7   11.1   59.1  28.68  29.44   84.7 22222 11111
 20250723 1200   12.0    5.1   13.1   66.8  28.30  29.24   86.3 22222 11111
 20250724 1200   10.8    6.5   12.6   59.1  28.44  29.07   85.1 22222 11111
 20250725 1200    7.9    6.8   10.5   49.1  28.76  28.95   85.1 22222 11111
 20250726 1200    6.7    7.4   10.0   42.2  29.27  28.98   85.1 22222 11111
 20250727 1200    7.4    5.3    9.1   54.4  29.21  28.95   85.1 22222 11111
 20250728 1200    7.8    4.3    8.9   61.1  29.22  28.97   84.3 22222 11111
 20250729 1200    7.2    5.5    9.0   52.7  29.26  29.03   83.5 22222 11111
 20250730 1200    5.6    7.0    9.0   38.4  29.29  29.08   84.3 22222 11111
 20250731 1200    5.4    6.2    8.3   40.9  29.25  29.08   84.3 22222 11111
 20250801 1200    4.0    6.0    7.3   33.8  29.23  29.17   84.7 22222 11111
 20250802 1200    2.3    4.7    5.2   26.4  29.33  29.36   85.1 22222 11111
 20250803 1200   -1.1    3.1    3.3  340.4  29.34  29.64   81.6 22222 11111
 20250804 1200   -0.7    1.9    2.1  340.4  29.11  29.88   80.4 22222 11111
 20250805 1200    3.4    2.1    4.0   58.3  29.14  29.91   82.4 22222 11111
 20250806 1200    3.2    3.1    4.5   45.6  29.41  29.95   80.4 22222 11111
 20250807 1200    2.0    3.5    4.0   29.3  29.60  29.99   79.2 22222 11111
 20250808 1200    0.1    2.8    2.8    3.2  28.47  29.99   80.8 22222 11111
 20250809 1200    3.6    3.5    5.0   45.4  28.78  29.85   80.4 22222 11111
 20250810 1200    5.5    2.9    6.2   62.2  28.80  29.71   82.0 22222 11111
 20250811 1200    6.7    2.7    7.2   67.9  28.52  29.66   83.1 22222 11111
 20250812 1200    4.3    3.9    5.8   48.0  28.06  29.73   83.1 22222 11111
 20250813 1200    4.2    8.6    9.5   25.9  28.70  29.67   82.4 22222 11111
 20250814 1200    5.6    6.0    8.2   42.8  29.24  29.59   80.8 22222 11111
 20250815 1200    6.0    6.0    8.5   44.7  28.99  29.50   81.6 22222 11111
 20250816 1200    5.2    6.2    8.1   39.9  28.15  29.39   83.9 22222 11111
 20250817 1200    5.1    8.6   10.0   30.9  27.91  29.29   85.9 22222 11111
 20250818 1200    5.0    7.4    8.9   33.9  28.17  29.17   84.7 22222 11111
 20250819 1200    4.8    7.2    8.7   33.6  28.82  29.12   82.4 22222 11111
 20250820 1200    4.0    6.6    7.8   31.3  29.19  29.16   83.1 22222 11111
 20250821 1200    5.4    5.5    7.7   44.8  29.16  29.16   82.4 22222 11111
 20250822 1200    6.0    6.0    8.5   44.7  29.26  29.19   82.0 22222 11111
 20250823 1200    6.4    6.1    8.8   46.5  29.08  29.05   83.1 22222 11111
 20250824 1200    5.9    4.5    7.4   52.5  29.13  29.09   84.3 22222 11111
 20250825 1200    6.8    0.9    6.8   82.1  28.17  29.02   84.3 22222 11111
 20250826 1200    6.0    4.9    7.8   51.0  28.60  29.01   82.0 22222 11111
 20250827 1200    3.6    7.6    8.4   25.4  29.21  29.04   82.0 22222 11111
 20250828 1200    3.0    7.0    7.6   23.4  28.98  29.03   83.5 22222 11111
 20250829 1200    3.5    6.0    7.0   29.8  28.90  29.06   84.7 22222 11111
 20250830 1200    4.0    3.5    5.3   48.4  28.83  29.04   85.9 22222 11111
 20250831 1200    5.0    1.1    5.1   77.5  27.95  28.93   86.3 22222 11111
 20250901 1200    6.3    1.9    6.6   73.1  27.28  28.78   86.3 22222 11111
 20250902 1200    8.0    3.7    8.8   65.1  27.51  28.83   87.8 22222 11111
 20250903 1200    5.2    5.9    7.8   41.8  28.61  28.88   85.5 22222 11111
 20250904 1200    4.3    3.5    5.6   51.1  28.77  28.93   87.4 22222 11111
 20250905 1200    3.7    1.1    3.8   73.3  28.65  29.01   86.3 22222 11111
 20250906 1200    2.9    1.5    3.2   62.2  28.95  29.41   83.9 22222 11111
 20250907 1200    3.5    1.5    3.8   66.4  29.09  29.48   82.4 22222 11111
 20250908 1200    2.4    3.9    4.6   31.1  29.15  29.48   83.1 22222 11111
 20250909 1200    3.6    3.3    4.9   47.2  28.81  29.39   82.0 22222 11111
 20250910 1200    3.4    2.1    4.0   58.3  28.72  29.42   83.1 22222 11111
 20250911 1200    3.8    1.9    4.3   63.5  27.57  29.18   83.9 22222 11111
 20250912 1200    2.3    5.3    5.7   23.6  28.56  29.28   81.6 22222 11111
 20250913 1200    0.9    4.5    4.6   11.6  29.01  29.38   82.0 22222 11111
 20250914 1200    0.7    3.7    3.8   11.3  29.15  29.61   81.2 22222 11111
 20250915 1200    1.0    2.2    2.4   25.4  29.00  29.70   78.4 22222 11111
 20250916 1200    0.4    1.6    1.6   14.8  29.09  29.94   77.3 22222 11111
 20250917 1200    1.3    0.9    1.6   55.1  28.47  30.13   80.4 22222 11111
 20250918 1200    2.5   -0.2    2.6   93.6  29.01  29.97   78.1 22222 11111
 20250919 1200    2.9    0.5    3.0   80.7  27.91  29.74   83.5 22222 11111
 20250920 1200    2.5    0.9    2.7   70.4  28.39  29.72   81.6 22222 11111
 20250921 1200    3.8    2.3    4.5   58.7  29.03  30.09   80.4 22222 11111
 20250922 1200    6.9    2.7    7.4   68.4  28.84  29.78   83.1 22222 11111
 20250923 1200    8.0    3.1    8.6   68.7  28.90  29.57   83.9 22222 11111
 20250924 1200    9.0    4.3    9.9   64.3  28.90  29.31   83.9 22222 11111
 20250925 1200    7.3    2.7    7.8   69.4  28.26  29.09   85.1 22222 11111
 20250926 1200    5.4    6.6    8.6   39.1  29.01  29.12   82.4 22222 11111
 20250927 1200    3.5    5.8    6.8   30.6  28.69  29.14   84.7 22222 11111
 20250928 1200    5.6    2.3    6.0   67.3  28.50  28.96   85.5 22222 11111
 20250929 1200    5.1   -1.3    5.2  104.4  27.56  28.79   85.5 22222 11111
 20250930 1200    1.9    5.3    5.6   19.8  27.85  28.88   83.9 22222 11111
 20251001 1200    2.7   11.0   11.4   13.8  28.47  28.76   82.7 22222 11111
 20251002 1200    2.6    7.4    7.8   19.5  28.55  28.81   82.7 22222 11111
 20251003 1200    1.3    5.6    5.8   12.8  28.79  28.88   84.7 22222 11111
 20251004 1200    1.9    4.3    4.7   24.3  28.82  29.08   83.5 22222 11111
 20251005 1200    2.6    3.7    4.5   34.6  28.79  29.16   81.6 22222 11111
 20251006 1200    3.0    3.3    4.5   42.0  28.74  29.29   80.4 22222 11111
 20251007 1200    3.0    2.3    3.8   52.5  28.84  29.32   79.2 22222 11111
 20251008 1200    3.4    3.1    4.6   47.4  28.95  29.45   78.4 22222 11111
 20251009 1200    3.5    0.9    3.6   75.6  28.91  29.44   78.4 22222 11111
 20251010 1200    2.4   -0.2    2.4   94.0  28.68  29.63   78.8 22222 11111
 20251011 1200    1.4   -0.2    1.4   98.3  29.00  29.96   76.1 22222 11111
 20251012 1200   -1.6    0.4    1.6  284.8  29.44  30.19   73.0 22222 11111
 20251013 1200   -3.2   -2.7    4.2  229.7  29.03  29.99   78.8 22222 11111
 20251014 1200   -3.1   -1.3    3.4  247.0  28.70  29.81   81.2 22222 11111
 20251015 1200   -2.2    1.0    2.4  295.4  28.79  29.94   78.4 22222 11111
 20251016 1200   -2.1    1.4    2.6  303.8  28.60  29.83   80.4 22222 11111
 20251017 1200   -1.8   -0.5    1.8  254.8  28.97  30.12   80.0 22222 11111
 20251018 1200   -3.7   -1.1    3.8  253.3  29.44  30.02   78.1 22222 11111
 20251019 1200   -4.6   -1.9    5.0  247.4  29.24  30.03   79.2 22222 11111
 20251020 1200   -5.8   -0.5    5.8  264.9  29.23  29.85   80.8 22222 11111
 20251021 1200   -5.8    1.3    6.0  282.4  29.06  29.83   80.4 22222 11111
 20251022 1200   -6.0    0.9    6.1  278.3  29.00  29.83   80.8 22222 11111
 20251023 1200   -6.4   -0.9    6.4  261.7  29.55  29.86   77.3 22222 11111
 20251024 1200   -6.9   -1.5    7.1  257.5  29.51  29.70   76.5 22222 11111
 20251025 1200   -8.7   -1.0    8.7  263.6  29.21  29.74   79.2 22222 11111
 20251026 1200  -10.8    2.1   11.1  281.1  28.59  29.62   83.1 22222 11111
 20251027 1200   -5.9    6.2    8.5  316.6  28.28  29.45   84.3 22222 11111
 20251028 1200    0.3    6.4    6.4    2.4  28.27  29.43   81.6 22222 11111
 20251029 1200    0.7    4.5    4.5    9.1  28.92  29.39   80.4 22222 11111
 20251030 1200    2.0   -0.6    2.1  107.2  29.02  29.66   77.7 22222 11111
 20251031 1200    2.1   -2.6    3.4  141.2  29.08  29.66   76.9 22222 11111
 20251101 1200    5.3   -2.9    6.0  118.8  29.12  29.64   77.7 22222 11111
 20251102 1200    7.0   -1.4    7.1  101.7  29.05  29.60   79.6 22222 11111
 20251103 1200    1.7   -3.5    3.9  153.6  28.84  29.46   79.2 22222 11111
 20251104 1200    1.7   -2.1    2.7  140.1  29.02  29.53   70.2 22222 11111
 20251105 1200   -0.2   -2.5    2.6  183.6  28.87  29.64   61.2 22222 11111
 20251106 1200    0.5   -2.4    2.4  168.5  28.83  29.55   57.7 22222 11111
 20251107 1200   -1.2   -2.2    2.5  209.8  28.25  29.46   61.6 22222 11111
 20251108 1200    0.3   -1.4    1.4  169.3  28.54  29.55   65.9 22222 11111
 20251109 1200   -1.5   -1.4    2.0  228.2  28.79  29.52   71.8 22222 11111
 20251110 1200   -3.2   -2.7    4.2  229.7  28.73  29.40   77.3 22222 11111
 20251111 1200   -2.5   -4.7    5.3  208.3  28.59  29.41   73.4 22222 11111
 20251112 1200   -2.5   -4.7    5.3  208.3  28.18  29.25   67.1 22222 11111
 20251113 1200   -3.0   -2.9    4.2  225.8  28.29  29.23   65.9 22222 11111
 20251114 1200   -4.0   -3.5    5.3  228.4  28.23  29.24   69.4 22222 11111
 20251115 1200   -4.5   -4.1    6.1  227.8  28.03  29.27   79.6 22222 11111
 20251116 1200   -5.4   -1.3    5.5  256.3  28.03  29.24   79.2 22222 11111
 20251117 1200   -5.9   -4.7    7.5  231.3  28.85  29.14   73.0 22222 11111
 20251118 1200   -5.6   -1.1    5.7  258.7  28.32  29.14   78.4 22222 11111
 20251119 1200   -4.5    0.1    4.5  271.4  28.37  29.24   78.1 22222 11111
 20251120 1200   -6.9   -1.1    7.0  260.7  28.83  29.29   78.4 22222 11111
 20251121 1200   -6.7   -2.1    7.0  252.4  28.91  29.35   77.7 22222 11111
 20251122 1200   -5.9   -3.9    7.1  236.4  28.76  29.12   76.5 22222 11111
 20251123 1200   -5.3   -5.1    7.3  226.0  28.13  29.16   71.0 22222 11111
 20251124 1200   -4.7   -5.1    6.9  222.6  27.86  29.21   69.0 22222 11111
 20251125 1200   -3.7   -3.9    5.4  223.8  27.48  28.98   64.4 22222 11111
 20251126 1200   -4.0   -3.3    5.2  230.1  27.69  28.87   63.6 22222 11111
 20251127 1200   -5.8   -1.7    6.0  253.4  27.88  28.88   63.2 22222 11111
 20251128 1200   -6.2   -0.5    6.2  265.1  27.77  28.79   60.8 22222 11111
 20251129 1200   -6.0   -1.9    6.3  252.1  27.71  28.75   64.7 22222 11111
 20251130 1200   -5.4   -2.1    5.8  248.5  27.55  28.56   63.2 22222 11111
 20251201 1200   -3.2   -2.1    3.9  236.8  27.07  28.53   77.3 22222 11111
 20251202 1200   -4.2   -1.7    4.6  247.9  27.56  28.70   76.9 22222 11111
 20251203 1200   -4.2   -3.5    5.4  229.8  27.31  28.58   69.4 22222 11111
 20251204 1200   -5.2   -2.7    5.8  242.2  27.51  28.62   69.0 22222 11111
 20251205 1200   -4.8   -2.9    5.6  238.5  27.74  28.69   73.4 22222 11111
 20251206 1200   -3.7   -4.9    6.1  217.2  27.76  28.77   73.4 22222 11111
 20251207 1200   -4.5   -5.3    6.9  220.3  27.80  28.77   77.7 22222 11111
 20251208 1200   -3.9   -4.7    6.1  219.8  27.63  28.77   73.7 22222 11111
 20251209 1200   -4.9   -3.7    6.2  233.1  27.59  28.78   74.1 22222 11111
 20251210 1200   -5.3   -3.7    6.5  235.1  27.25  28.49   75.7 22222 11111
 20251211 1200   -4.7   -3.7    6.0  231.9  27.49  28.49   70.6 22222 11111
 20251212 1200   -3.9   -4.3    5.8  222.4  27.33  28.49   69.4 22222 11111
 20251213 1200   -4.9   -4.1    6.4  230.1  27.37  28.43   72.6 22222 11111
 20251214 1200   -5.0   -5.5    7.4  222.7  27.53  28.32   78.4 22222 11111
 20251215 1200   -5.7   -3.3    6.6  239.9  27.82  28.33   78.4 22222 11111
 20251216 1200   -3.9   -4.3    5.8  222.4  27.56  28.38   76.5 22222 11111
 20251217 1200   -2.7   -4.9    5.6  209.1  26.74  28.34   67.1 22222 11111
 20251218 1200   -1.6   -3.7    4.0  202.8  26.19  28.32   61.6 22222 11111
 20251219 1200   -1.2   -2.5    2.8  205.4  26.22  28.42   63.6 22222 11111
 20251220 1200   -2.6   -3.3    4.2  217.9  26.67  28.44   67.5 22222 11111
 20251221 1200   -3.9   -4.3    5.8  222.4  26.94  28.33   66.7 22222 11111
 20251222 1200   -3.0   -2.3    3.8  232.6  27.04  28.31   56.9 22222 11111
 20251223 1200   -3.2   -2.5    4.1  231.9  27.19  28.25   56.5 22222 11111
 20251224 1200   -2.8   -3.7    4.6  216.7  26.99  28.13   62.0 22222 11111
 20251225 1200   -2.9   -5.1    5.8  209.8  26.48  28.26   64.0 22222 11111
 20251226 1200   -3.1   -5.1    5.9  211.4  25.97  28.18   64.7 22222 11111
 20251227 1200   -1.5   -4.9    5.1  197.2  25.61  27.98   68.3 22222 11111
 20251228 1200   -3.7   -3.9    5.4  223.8  26.43  27.93   75.3 22222 11111
 20251229 1200   -4.1   -5.1    6.5  218.8  26.63  27.87   79.2 22222 11111
 20251230 1200   -2.3   -4.5    5.1  207.4  26.12  27.83   75.7 22222 11111
 20251231 1200   -2.7   -4.1    4.9  213.8  25.52  27.92   69.0 22222 11111
 20260101 1200   -4.6   -3.1    5.5  235.7  25.84  27.69   70.2 22222 11111
 20260102 1200   -4.5   -4.3    6.2  226.4  26.12  27.63   69.8 22222 11111
 20260103 1200   -5.9   -4.7    7.5  231.3  26.24  27.50   73.7 22222 11111
 20260104 1200   -6.4   -5.3    8.3  230.6  26.21  27.40   63.2 22222 11111
 20260105 1200   -5.0   -5.8    7.7  220.7  25.67  27.29   62.4 22222 11111
 20260106 1200   -4.4   -6.6    8.0  213.7  24.96  27.07   66.3 22222 11111
 20260107 1200   -5.4   -7.6    9.3  215.2  25.06  27.09   66.3 22222 11111
 20260108 1200   -5.4   -6.8    8.7  218.3  25.47  27.61   67.1 22222 11111
 20260109 1200   -4.4   -6.0    7.5  216.3  25.81  27.90   77.7 22222 11111
 20260110 1200   -4.3   -4.3    6.1  225.1  25.94  27.50   80.8 22222 11111
 20260111 1200   -4.3   -3.9    5.8  228.0  25.81  27.34   80.0 22222 11111
 20260112 1200   -2.9   -5.3    6.0  208.8  25.44  26.85   73.0 22222 11111
 20260113 1200   -1.3   -5.6    5.8  192.8  24.84  26.59   70.2 22222 11111
 20260114 1200   -1.1   -5.6    5.7  190.9  24.55  26.04   60.8 22222 11111
 20260115 1200   -2.2   -6.6    7.0  198.8  24.88  25.27   60.8 22222 11111
 20260116 1200   -1.1   -5.6    5.7  190.9  24.23  25.96   60.4 22222 11111
 20260117 1200   -1.1   -4.5    4.6  194.1  24.71  27.10   58.9 22222 11111
 20260118 1200   -2.6   -2.3    3.5  228.6  24.71  25.91   59.3 22222 11111
 20260119 1200   -2.6   -2.3    3.5  228.6  25.02  25.75   59.7 22222 11111
 20260120 1200   -3.1   -4.1    5.2  217.5  25.34  25.72   67.1 22222 11111
 20260121 1200   -4.7   -4.1    6.2  229.0  25.69  26.63   67.1 22222 11111
 20260122 1200   -6.4   -5.5    8.4  229.5  25.97  25.83   68.7 22222 11111
 20260123 1200   -5.7   -4.1    7.0  234.2  25.99  26.34   76.5 22222 11111
 20260124 1200   -4.3   -4.5    6.2  223.8  25.91  26.61   82.0 22222 11111
 20260125 1200   -4.1   -4.3    6.0  223.8  25.72  25.62   73.0 22222 11111
 20260126 1200   -4.6   -6.2    7.8  216.6  25.75  25.53   63.2 22222 11111
 20260127 1200   -4.1   -5.5    6.8  216.7  25.66  25.66   69.0 22222 11111
 20260128 1200   -2.4   -2.5    3.5  223.8  25.94  26.06   73.7 22222 11111
 20260129 1200   -3.0   -2.5    3.9  230.1  26.08  26.98   71.4 22222 11111
 20260130 1200   -3.9   -4.1    5.7  223.8  25.59  26.55   69.4 22222 11111
 20260131 1200   -4.7   -4.1    6.2  229.0  25.58  26.03   67.1 22222 11111
 20260201 1200   -1.9   -4.9    5.2  201.4  25.14  26.39   74.9 22222 11111
 20260202 1200   -2.7   -4.9    5.6  209.1  25.40  26.24   76.9 22222 11111
 20260203 1200   -3.7   -3.9    5.4  223.8  25.99  26.28   79.6 22222 11111
 20260204 1200   -4.3   -4.5    6.2  223.8  26.14  26.63   76.9 22222 11111
 20260205 1200   -3.3   -4.7    5.7  215.3  26.03  26.01   73.0 22222 11111
 20260206 1200   -3.1   -4.7    5.6  213.6  25.84  25.87   65.9 22222 11111
 20260207 1200   -1.1   -6.2    6.3  189.8  25.02  26.11   70.6 22222 11111
 20260208 1200   -3.5   -6.2    7.1  208.9  25.00  26.10   64.4 22222 11111
 20260209 1200   -2.7   -4.5    5.2  211.3  25.04  26.42   64.7 22222 11111
 20260210 1200   -3.7   -5.1    6.3  216.0  25.03  26.37   67.9 22222 11111
 20260211 1200   -3.7   -5.3    6.4  215.0  25.45  26.25   73.4 22222 11111
 20260212 1200   -3.5   -5.7    6.6  211.5  25.58  26.20   75.3 22222 11111
 20260213 1200   -3.4   -6.4    7.3  208.2  25.63  26.05   66.7 22222 11111
 20260214 1200   -2.3   -5.5    5.9  202.8  25.05  25.55   63.2 22222 11111
 20260215 1200   -2.9   -5.8    6.5  206.2  25.08  25.48   63.6 22222 11111
 20260216 1200   -3.2   -6.6    7.4  206.1  25.13  25.45   69.0 22222 11111
 20260217 1200   -2.3   -6.2    6.6  200.0  24.98  25.61   70.2 22222 11111
 20260218 1200   -2.1   -4.7    5.1  204.4  25.11  25.51   77.7 22222 11111
 20260219 1200   -2.8   -3.5    4.5  218.3  26.31  25.86   81.6 22222 11111
 20260220 1200   -2.8   -2.9    4.0  223.8  26.46  25.65   82.7 22222 11111
 20260221 1200   -1.9   -1.9    2.7  223.8  26.66  25.96   78.4 22222 11111
 20260222 1200   -3.3   -0.3    3.3  265.2  26.08  26.45   74.9 22222 11111
 20260223 1200   -2.4   -3.7    4.4  212.5  26.02  26.08   80.8 22222 11111
 20260224 1200   -4.1   -0.5    4.1  263.1  25.69  25.42   78.1 22222 11111
 20260225 1200   -2.8   -3.7    4.6  216.7  25.67  25.88   81.6 22222 11111
 20260226 1200   -0.9   -3.9    4.0  193.5  25.49  26.02   83.5 22222 11111
 20260227 1200   -1.0   -2.8    2.9  199.8  25.64  26.14   80.0 22222 11111
 20260228 1200    0.5   -2.0    2.0  166.3  25.73  26.44   75.7 22222 11111
 20260301 1200   -0.2   -1.6    1.6  186.9  26.11  26.53   73.0 22222 11111
 20260302 1200   -0.2   -0.8    0.9  197.2  26.29  26.73   71.0 22222 11111
 20260303 1200    1.4   -0.4    1.5  107.2  26.45  27.00   72.6 22222 11111
 20260304 1200    2.8   -1.2    3.0  113.6  26.34  27.00   76.5 22222 11111
 20260305 1200    3.3    0.9    3.4   74.8  26.14  26.92   80.8 22222 11111
 20260306 1200    1.7    1.9    2.6   40.4  26.13  27.03   79.2 22222 11111
 20260307 1200   -0.3    1.4    1.4  349.3  26.14  27.30   74.9 22222 11111
 20260308 1200   -2.7   -0.9    2.9  251.7  26.35  27.35   74.1 22222 11111
 20260309 1200   -3.2   -2.5    4.1  231.9  26.42  27.08   79.6 22222 11111
 20260310 1200   -2.6   -2.9    3.9  221.7  26.61  26.84   84.3 22222 11111
 20260311 1200   -1.3   -1.1    1.8  229.0  27.37  27.57   75.7 22222 11111
 20260312 1200   -1.0    0.7    1.2  305.7  27.82  27.79   68.7 22222 11111
 20260313 1200   -1.6    1.5    2.1  313.8  27.31  27.82   80.4 22222 11111
 20260314 1200   -2.2    0.8    2.3  290.6  27.65  28.04   79.6 22222 11111
 20260315 1200   -2.7    1.4    3.1  297.1  27.80  28.07   80.8 22222 11111
 20260316 1200   -2.6    0.6    2.6  282.8  27.99  28.18   78.8 22222 11111
 20260317 1200   -3.3    0.6    3.4  279.4  27.77  28.08   78.1 22222 11111
 20260318 1200   -2.4   -0.5    2.4  258.5  27.73  28.26   76.5 22222 11111
 20260319 1200   -1.6    0.2    1.6  276.9  27.68  28.19   76.5 22222 11111
 20260320 1200   -0.3    2.0    2.0  352.5  27.95  28.60   73.4 22222 11111
 20260321 1200    1.3    1.4    1.9   43.8  27.79  28.81   74.1 22222 11111
 20260322 1200   -0.8   -2.0    2.1  202.8  27.70  28.82   71.4 22222 11111
 20260323 1200   -2.1   -1.5    2.6  233.8  27.82  28.88   71.4 22222 11111
 20260324 1200   -1.7   -1.9    2.6  220.4  27.64  28.81   72.2 22222 11111
 20260325 1200   -1.5   -1.9    2.4  216.7  27.69  28.94   71.0 22222 11111
 20260326 1200   -1.0   -2.9    3.1  198.4  27.85  28.74   76.1 22222 11111
 20260327 1200    1.6   -1.3    2.0  129.4  27.92  29.16   74.9 22222 11111
 20260328 1200    1.2    0.7    1.4   57.8  28.31  29.49   72.2 22222 11111
 20260329 1200    0.8    2.2    2.3   20.6  28.20  29.48   73.7 22222 11111
 20260330 1200    1.4    0.7    1.5   62.2  28.21  29.36   74.9 22222 11111
 20260331 1200   -1.7   -0.9    2.0  242.2  28.58  29.70   73.0 22222 11111
 20260401 1200   -1.8   -0.3    1.8  261.7  28.68  29.71   71.4 22222 11111
 20260402 1200    0.5   -1.6    1.6  162.8  28.68  29.74   74.5 22222 11111
 20260403 1200    2.4   -1.0    2.6  113.2  28.83  30.13   75.7 22222 11111
 20260404 1200    2.5   -1.0    2.7  111.4  28.98  29.94   76.1 22222 11111
 20260405 1200    1.6   -1.1    1.9  124.3  29.09  30.16   75.3 22222 11111
 20260406 1200    1.4    2.1    2.6   33.8  29.49  30.23   73.7 22222 11111
 20260407 1200    2.5    1.5    2.9   58.5  29.17  30.19   69.4 22222 11111
 20260408 1200    1.1    3.7    3.9   17.2  29.12  29.99   74.1 22222 11111
 20260409 1200    2.2    2.9    3.7   37.0  29.41  29.84   75.7 22222 11111
 20260410 1200    2.3    0.9    2.5   68.8  29.56  30.24   73.0 22222 11111
 20260411 1200    1.8   -1.5    2.3  130.0  29.30  30.41   74.1 22222 11111
 20260412 1200    1.4   -0.2    1.4   98.3  29.33  30.53   73.4 22222 11111
 20260413 1200    2.1    0.5    2.2   77.5  29.51  30.94   73.0 22222 11111
 20260414 1200    1.7    1.9    2.6   40.4  29.70  30.77   68.3 22222 11111
 20260415 1200    2.2    2.3    3.2   43.8  29.38  30.12   69.8 22222 11111
 20260416 1200    1.7    1.9    2.6   40.4  29.35  30.17   71.8 22222 11111
 20260417 1200    0.5    1.0    1.1   25.4  29.70  30.18   70.2 22222 11111
 20260418 1200    1.1    1.4    1.8   38.6  29.87  30.24   68.7 22222 11111
 20260419 1200    2.8    2.5    3.8   48.2  29.48  30.23   71.4 22222 11111
 20260420 1200    3.6    2.3    4.3   57.4  29.44  29.59   73.0 22222 11111
 20260421 1200    4.4    2.3    5.0   62.2  29.71  29.91   74.1 22222 11111
 20260422 1200    4.8    1.9    5.2   68.2  29.36  29.79   76.9 22222 11111
 20260423 1200    4.0    1.7    4.4   67.0  29.24  29.84   78.8 22222 11111
 20260424 1200    3.1    1.1    3.3   70.4  29.33  29.90   76.5 22222 11111
 20260425 1200    2.0    0.5    2.0   76.3  29.50  30.32   73.0 22222 11111
 20260426 1200    1.2    2.4    2.6   27.4  29.54  30.46   72.2 22222 11111
 20260427 1200    1.9    4.5    4.9   23.2  30.17  30.42   73.4 22222 11111
 20260428 1200    3.4    3.5    4.9   43.8  30.52  30.45   80.0 22222 11111
 20260429 1200    1.4    3.3    3.6   22.4  29.80  30.42   78.1 22222 11111
 20260430 1200   -0.1    3.9    3.9  358.8  29.06  30.14   78.8 22222 11111
 20260501 1200   -0.9    2.1    2.3  337.0  28.77  30.13   76.5 22222 11111
 20260502 1200    3.1    5.1    5.9   31.4  30.15  30.18   77.7 22222 11111
 20260503 1200   -0.1    2.2    2.2  358.8  29.74  30.25   77.7 22222 11111
 20260504 1200   -1.1    3.3    3.5  341.4  29.51  30.14   78.8 22222 11111
 20260505 1200   -2.0    1.0    2.2  297.9  30.01  30.48   74.9 22222 11111
 20260506 1200   -3.3    1.6    3.7  295.4  29.98  30.55   76.5 22222 11111
 20260507 1200   -3.1   -1.5    3.4  243.8  28.92  30.42   79.2 22222 11111
 20260508 1200   -4.4   -1.3    4.6  253.5  29.23  30.13   77.3 22222 11111
 20260509 1200   -2.7    1.6    3.2  300.4  28.30  29.85   80.8 22222 11111
 20260510 1200   -5.0    0.1    5.0  271.1  28.68  30.07   80.8 22222 11111
 20260511 1200   -2.1    2.0    3.0  313.8  27.41  29.87   85.9 22222 11111
 20260512 1200   -2.9    3.6    4.6  320.9  28.06  29.94   84.7 22222 11111
 20260513 1200   -3.1    5.0    5.8  327.8  28.40  29.88   83.5 22222 11111
 20260514 1200   -0.1    4.7    4.7  358.8  29.61  30.07   81.2 22222 11111
 20260515 1200    1.6    3.7    4.0   22.8  29.64  30.06   79.2 22222 11111
 20260516 1200    2.1    4.1    4.6   27.6  29.93  30.06   83.1 22222 11111
 20260517 1200    3.6    2.7    4.5   53.0  30.00  30.18   81.6 22222 11111
 20260518 1200    5.1    3.1    6.0   58.8  30.15  30.16   83.1 22222 11111
 20260519 1200    5.9    3.1    6.7   62.2  30.26  30.22   83.1 22222 11111
 20260520 1200    5.7    3.9    6.9   55.6  30.36  30.39   84.7 22222 11111
 20260521 1200    3.9    4.1    5.7   43.8  30.43  30.45   85.9 22222 11111
 20260522 1200    3.3    4.5    5.6   36.5  30.23  30.50   85.5 22222 11111
 20260523 1200    0.7    4.5    4.5    9.1  29.29  30.46   82.4 22222 11111
 20260524 1200    1.5    4.9    5.1   17.2  30.10  30.40   82.4 22222 11111
 20260525 1200    4.1    5.5    6.8   36.7  30.33  30.53   84.3 22222 11111
 20260526 1200    2.1    4.7    5.1   24.4  29.72  30.63   82.4 22222 11111
 20260527 1200    2.8    3.3    4.3   40.0  30.43  30.76   76.5 22222 11111
 20260528 1200    3.1    4.5    5.5   34.8  29.38  30.66   80.4 22222 11111
 20260529 1200    4.2    3.5    5.4   49.8  30.29  30.68   84.3 22222 11111
 20260530 1200    4.6    1.5    4.9   71.9  30.33  30.69   82.4 22222 11111
 20260531 1200    3.6    2.9    4.6   50.9  30.28  30.63   80.0 22222 11111
 20260601 1200    4.0    1.5    4.3   69.5  30.40  30.61   82.0 22222 11111
 20260602 1200    6.1    2.1    6.5   70.9  30.59  30.76   81.2 22222 11111
 20260603 1200    7.1    2.5    7.5   70.4  30.68  30.95   79.6 22222 11111
 20260604 1200    7.3    3.3    8.0   65.4  30.76  30.92   80.4 22222 11111
 20260605 1200    6.7    3.7    7.6   60.9  30.82  30.81   82.4 22222 11111
 20260606 1200    6.6    5.3    8.5   51.4  30.83  30.73   82.4 22222 11111
 20260607 1200    6.6    6.5    9.2   45.5  30.83  30.79   80.8 22222 11111
 20260608 1200    7.8    5.5    9.5   54.8  30.82  30.74   80.8 22222 11111
 20260609 1200    8.0    4.5    9.2   60.6  30.80  30.70   81.6 22222 11111
 20260610 1200    8.2    4.5    9.3   61.1  30.62  30.45   82.7 22222 11111
 20260611 1200   -1.3    4.2    4.4  342.9  27.47  30.12   87.8 22222 11111
 20260612 1200    4.6    6.0    7.6   37.5  28.04  30.09   84.7 22222 11111
 20260613 1200    6.1    4.1    7.3   56.0  29.04  30.08   84.3 22222 11111
 20260614 1200    6.5    4.1    7.7   57.6  29.17  30.08   83.5 22222 11111
 20260615 1200    5.4    5.9    8.0   42.8  29.99  30.34   83.1 22222 11111
 20260616 1200    4.1    4.7    6.2   41.2  28.60  30.19   83.1 22222 11111
 20260617 1200    4.5    5.5    7.0   39.2  28.50  30.19   82.4 22222 11111
 20260618 1200    3.7    5.7    6.7   33.0  28.68  29.89   82.0 22222 11111
 20260619 1200    4.3    4.5    6.2   43.8  29.31  29.95   82.4 22222 11111
 20260620 1200    5.5    4.7    7.2   49.4  29.10  29.79   84.3 22222 11111
 20260621 1200    4.9    5.1    7.0   43.8  28.84  29.67   83.9 22222 11111
 20260622 1200    6.4    4.9    8.1   52.8  28.81  29.69   84.7 22222 11111
 20260623 1200    4.9    4.9    6.9   45.0  29.13  29.75   84.7 22222 11111
 20260624 1200    6.6    4.5    8.0   55.9  29.74  29.69   84.7 22222 11111
 20260625 1200    4.5    4.5    6.3   45.1  29.48  29.69   83.9 22222 11111
 20260626 1200    4.8    5.5    7.3   41.6  29.85  29.73   84.3 22222 11111
 20260627 1200    5.3    5.1    7.3   46.0  29.88  29.86   82.7 22222 11111
 20260628 1200    3.7    4.3    5.7   40.9  29.68  29.90   83.5 22222 11111
 20260629 1200   -2.5   -6.4    6.9  200.9  29.96  29.85   82.7 22222 11111
 20260630 1200   -0.5   -6.4    6.4  184.2  29.94  29.88   83.5 22222 11111
 20260701 1200   -1.8   -7.0    7.2  194.8  29.94  29.87   84.3 22222 11111
 20260702 1200   -1.9   -4.3    4.7  204.3  29.33  29.75   85.1 22222 11111
 20260703 1200   -4.2   -3.3    5.3  231.5  29.12  29.66   83.9 22222 11111
 20260704 1200   -4.4   -8.0    9.1  208.7  29.52  29.55   83.1 22222 11111
 20260705 1200    0.4   -8.3    8.3  177.4  29.99  29.48   82.0 22222 11111
 20260706 1200    0.3   -7.3    7.3  177.2  29.82  29.60   80.4 22222 11111
 20260707 1200   -5.3   -4.5    6.9  229.6  29.73  29.60   79.6 22222 11111
 20260708 1200   -1.7   -1.5    2.3  227.6  29.67  29.57   80.4 22222 11111
 20260709 1200   -4.3   -0.7    4.3  260.7  29.66  29.54   81.2 22222 11111
 20260710 1200    1.4    3.1    3.4   23.8  29.40  29.58   82.4 22222 11111
 20260711 1200   -2.3   -0.9    2.5  248.8  29.76  29.59   84.7 22222 11111
 20260712 1200    2.4    0.1    2.4   88.8  29.80  29.58   85.1 22222 11111
 20260713 1200   -0.3    2.7    2.8  354.4  29.83  29.62   85.1 22222 11111
 20260714 1200    0.0    1.4    1.4  358.8  29.73  29.62   84.7 22222 11111
 20260715 1200   -1.4   -0.7    1.5  242.2  29.14  29.56   85.5 22222 11111
 20260716 1200   -1.6   -2.9    3.3  208.5  29.72  29.56   82.7 22222 11111
 20260717 1200   -0.3   -3.9    3.9  184.8  29.62  29.57   80.4 22222 11111
 20260718 1200   -1.2   -2.9    3.2  202.0  29.26  29.60   80.4 22222 11111
 20260719 1200   -0.1   -3.9    3.9  181.8  28.70  29.57   83.9 22222 11111
 20260720 1200   -0.7   -4.5    4.5  189.1  28.74  29.50   82.7 22222 11111
 20260721 1200   -2.5   -1.7    3.0  235.1  29.10  29.37   82.4 22222 11111
 20260722 1200   -1.9   -1.7    2.6  227.2  29.54  29.41   83.1 22222 11111
 20260723 1200   -1.0   -2.8    2.9  199.8  29.49  29.41   82.7 22222 11111
 20260724 1200   -3.1   -5.5    6.3  209.4  29.32  29.41   83.1 22222 11111
 20260725 1200   -2.5   -4.9    5.5  207.2  29.43  29.39   83.9 22222 11111
 20260726 1200   -4.7   -5.7    7.3  219.4  29.41  29.38   83.5 22222 11111
 20260727 1200   -3.3   -6.0    6.9  208.3  29.31  29.32   83.1 22222 11111
 20260728 1200   -1.9   -5.5    5.8  199.1  29.48  29.35   83.5 22222 11111
 20260729 1200   -1.3   -6.0    6.2  191.9  29.66  29.44   83.1 22222 11111
 20260730 1200   -0.1   -5.2    5.2  181.0  29.28  29.37   84.7 22222 11111
 20260731 1200    0.9   -4.5    4.5  168.5  29.56  29.44   83.1 22222 11111
 20260801 1200   -1.9   -4.7    5.1  202.3  29.51  29.46   84.3 22222 11111
 20260802 1200    0.9   -2.9    3.0  162.8  29.44  29.42   85.1 22222 11111
 20260803 1200    0.8   -0.5    0.9  122.5  29.29  29.34   86.3 22222 11111
 20260804 1200    0.9   -2.5    2.7  160.4  29.50  29.42   85.1 22222 11111
 20260805 1200    0.1   -3.1    3.1  178.8  29.68  29.50   85.1 22222 11111
 20260806 1200   -2.3   -5.3    5.7  203.6  29.39  29.48   85.5 22222 11111
 20260807 1200   -1.9   -5.5    5.8  199.1  28.88  29.38   85.5 22222 11111
 20260808 1200   -1.3   -1.4    1.9  223.8  28.39  29.37   85.5 22222 11111
 20260809 1200   -2.1   -4.9    5.3  203.4  29.54  29.40   83.9 22222 11111
 20260810 1200   -1.9   -3.9    4.4  206.6  29.61  29.42   83.9 22222 11111
 20260811 1200   -4.9   -3.9    6.3  231.6  29.64  29.37   83.5 22222 11111
 20260812 1200   -3.1   -4.3    5.3  216.1  29.68  29.39   84.3 22222 11111
 20260813 1200   -1.7   -5.1    5.3  198.6  29.43  29.36   82.4 22222 11111
 20260814 1200   -1.0   -3.1    3.3  197.2  29.45  29.43   85.1 22222 11111
 20260815 1200   -0.3   -4.1    4.1  184.5  29.46  29.42   84.3 22222 11111
 20260816 1200   -0.8   -2.9    3.0  194.8  29.68  29.46   83.9 22222 11111
 20260817 1200    0.5   -2.9    3.0  170.7  29.65  29.52   83.5 22222 11111
 20260818 1200   -0.8    0.2    0.9  287.2  29.49  29.54   84.7 22222 11111
