 Location:  8N  90E   1 Jan 2020 to 12 Sep 2025 ( 2082 times,  2 blocks) Gen. Date Aug 24 2026
 Units: Winds (m/s), W. Dir (deg), AirT (C), SST (C), Rel. Humidity (%), -99.9 = missing
 Winds Use Oceanographic Convention:(1,1) is NE at sqrt(2) m/s
 Time: 1200  1 Jan 2020 to 1200 21 Feb 2020 (index     1 to    52,   52 times)
 Depth (M):        -4     -4     -4     -4     -3      1     -3 QUALITY SOURCE
 YYYYMMDD HHMM   UWND   VWND   WSPD   WDIR   AIRT    SST     RH SDATH SDATH
 20200101 1200   -7.1   -0.7    7.1  264.4  28.10  28.14   84.4 22222 11111
 20200102 1200   -7.3   -2.0    7.6  254.7  28.00  27.99   84.3 22222 11111
 20200103 1200   -6.7   -1.8    6.9  255.0  28.00  27.90   83.4 22222 11111
 20200104 1200   -5.5   -1.9    5.8  250.9  27.90  28.06   83.6 22222 11111
 20200105 1200   -5.6   -2.1    6.0  249.4  28.00  28.03   82.2 22222 11111
 20200106 1200   -6.3   -4.2    7.6  236.3  28.10  28.05   80.8 22222 11111
 20200107 1200   -5.7   -5.5    7.9  226.0  28.00  28.07   81.8 22222 11111
 20200108 1200   -4.3   -5.0    6.6  220.7  27.90  28.19   78.5 22222 11111
 20200109 1200   -2.4   -5.6    6.1  203.2  27.80  28.24   83.0 22222 11111
 20200110 1200   -3.8   -4.3    5.7  221.5  28.10  28.42   85.2 22222 11111
 20200111 1200   -4.2   -6.9    8.1  211.3  27.90  28.36   81.6 22222 11111
 20200112 1200   -2.8   -6.2    6.8  204.3  27.60  28.25   77.7 22222 11111
 20200113 1200   -2.3   -6.4    6.8  199.8  27.40  28.19   78.0 22222 11111
 20200114 1200   -3.9   -4.5    6.0  220.9  27.60  28.17   81.4 22222 11111
 20200115 1200   -5.6   -3.5    6.6  238.0  28.00  28.28   82.7 22222 11111
 20200116 1200   -6.3   -3.1    7.0  243.8  28.00  28.36   80.2 22222 11111
 20200117 1200   -6.1   -3.0    6.8  243.8  28.10  28.35   82.6 22222 11111
 20200118 1200   -5.5   -5.1    7.5  227.2  28.00  28.31   83.1 22222 11111
 20200119 1200   -4.8   -4.3    6.4  228.1  28.10  28.32   81.6 22222 11111
 20200120 1200   -4.8   -5.2    7.1  222.7  28.10  28.22   84.4 22222 11111
 20200121 1200   -5.7   -3.7    6.8  237.0  28.20  28.25   87.5 22222 11111
 20200122 1200   -6.1   -4.6    7.6  233.0  28.10  28.24   85.9 22222 11111
 20200123 1200   -5.3   -5.4    7.6  224.5  28.20  28.19   83.8 22222 11111
 20200124 1200   -5.0   -5.4    7.4  222.8  28.20  28.31   82.6 22222 11111
 20200125 1200   -4.1   -6.3    7.5  213.1  28.00  28.31   79.9 22222 11111
 20200126 1200   -2.6   -6.4    6.9  202.1  27.50  28.27   72.0 22222 11111
 20200127 1200   -2.6   -5.4    6.0  205.7  27.10  28.29   64.4 22222 11111
 20200128 1200   -3.1   -4.9    5.8  212.3  27.30  28.20   67.0 22222 11111
 20200129 1200   -5.3   -5.2    7.4  225.5  27.30  28.15   71.7 22222 11111
 20200130 1200   -4.7   -3.2    5.7  235.8  27.40  28.13   73.2 22222 11111
 20200131 1200   -5.6   -2.9    6.3  242.6  27.60  28.07   73.1 22222 11111
 20200201 1200   -5.0   -3.8    6.3  232.8  27.90  28.10   75.9 22222 11111
 20200202 1200   -4.3   -5.2    6.7  219.6  27.90  28.16   82.3 22222 11111
 20200203 1200   -5.8   -5.1    7.7  228.7  27.90  28.18   81.1 22222 11111
 20200204 1200   -6.3   -5.0    8.0  231.6  27.90  28.25   77.5 22222 11111
 20200205 1200   -4.0   -5.5    6.8  216.0  27.60  28.34   75.5 22222 11111
 20200206 1200   -3.4   -5.0    6.0  214.2  27.50  28.33   74.7 22222 11111
 20200207 1200   -4.2   -3.6    5.5  229.4  27.50  28.26   72.8 22222 11111
 20200208 1200   -3.7   -3.6    5.2  225.8  27.50  28.27   75.2 22222 11111
 20200209 1200   -4.6   -4.7    6.6  224.4  27.70  28.28   77.2 22222 11111
 20200210 1200   -4.5   -6.0    7.5  216.9  28.00  28.30   79.9 22222 11111
 20200211 1200   -6.6   -5.5    8.6  230.2  28.10  28.27   84.7 22222 11111
 20200212 1200   -5.2   -6.4    8.2  219.1  28.20  28.26   82.5 22222 11111
 20200213 1200   -4.1   -6.7    7.9  211.5  27.90  28.15   78.5 22222 11111
 20200214 1200   -1.9   -4.0    4.4  205.4  27.70  28.24   81.8 22222 11111
 20200215 1200   -3.1   -4.0    5.1  217.8  27.70  28.37   82.4 22222 11111
 20200216 1200   -3.0   -3.9    4.9  217.6  27.60  28.44   77.6 22222 11111
 20200217 1200   -3.4   -5.2    6.2  213.2  27.40  28.34   70.1 22222 11111
 20200218 1200   -2.1   -4.6    5.1  204.5  27.40  28.54   74.0 22222 11111
 20200219 1200   -4.2   -6.1    7.4  214.5  27.80  28.44   82.2 22222 11111
 20200220 1200   -6.7   -3.3    7.5  243.8  28.20  28.34   85.3 22222 11111
 20200221 1200   -7.0   -4.6    8.4  236.7  28.40  28.31   84.1 22222 11111
 Time: 1200 24 Mar 2025 to 1200 12 Sep 2025 (index  1910 to  2082,  173 times)
 Depth (M):        -4     -4     -4     -4     -3      1     -3 QUALITY SOURCE
 YYYYMMDD HHMM   UWND   VWND   WSPD   WDIR   AIRT    SST     RH SDATH SDATH
 20250324 1200   -3.0   -2.1    3.7  234.8  29.30  29.83   78.2 22222 11111
 20250325 1200   -2.5   -3.3    4.2  217.6  29.40  29.82   75.5 22222 11111
 20250326 1200   -0.3   -2.9    2.9  186.6  29.10  29.85   71.2 22222 11111
 20250327 1200    1.5   -2.5    2.9  148.2  28.90  29.73   67.4 22222 11111
 20250328 1200    0.7   -2.7    2.8  165.5  28.40  29.74   62.0 22222 11111
 20250329 1200   -2.1   -1.1    2.4  241.9  28.00  29.84   62.4 22222 11111
 20250330 1200   -2.7    0.3    2.8  277.2  28.30  29.73   66.2 22222 11111
 20250331 1200   -3.3    0.7    3.4  282.5  28.90  29.58   72.0 22222 11111
 20250401 1200   -3.5    0.1    3.5  271.9  29.00  29.66   77.8 22222 11111
 20250402 1200   -3.0   -1.5    3.4  243.5  29.20  29.70   73.9 22222 11111
 20250403 1200   -2.0   -2.3    3.1  220.8  29.40  29.93   77.4 22222 11111
 20250404 1200   -1.0   -0.3    1.0  254.5  28.10  29.83   81.2 22222 11111
 20250405 1200    1.7    1.3    2.1   51.6  27.60  29.94   82.4 22222 11111
 20250406 1200    2.2    2.7    3.5   38.7  27.40  29.69   83.9 22222 11111
 20250407 1200    0.3    5.2    5.2    2.9  27.40  29.57   83.9 22222 11111
 20250408 1200    2.0    6.0    6.3   18.6  28.00  29.42   83.6 22222 11111
 20250409 1200    2.8    5.6    6.3   26.7  28.60  29.38   80.5 22222 11111
 20250410 1200    4.9    3.9    6.2   51.3  27.40  29.45   85.5 22222 11111
 20250411 1200    6.6    4.9    8.2   53.3  28.30  29.39   82.4 22222 11111
 20250412 1200    5.2   -0.3    5.2   92.9  29.40  29.51   80.5 22222 11111
 20250413 1200    2.1   -1.0    2.4  115.1  29.20  29.70   80.1 22222 11111
 20250414 1200    0.8    0.3    0.8   70.1  29.50  30.07   77.0 22222 11111
 20250415 1200   -0.3    1.4    1.4  349.0  29.70  30.20   75.1 22222 11111
 20250416 1200   -1.5    2.5    2.9  328.2  29.20  30.08   77.8 22222 11111
 20250417 1200   -0.5    3.9    3.9  352.5  29.10  29.91   80.1 22222 11111
 20250418 1200    2.4    1.7    3.0   54.8  28.80  29.96   81.6 22222 11111
 20250419 1200    2.6    2.3    3.5   48.3  28.50  29.84   80.9 22222 11111
 20250420 1200    2.1    0.9    2.3   66.7  29.10  29.69   80.9 22222 11111
 20250421 1200    0.8   -0.7    1.0  133.5  29.40  30.31   77.8 22222 11111
 20250422 1200    1.8   -0.8    1.9  115.1  29.40  30.21   76.6 22222 11111
 20250423 1200    1.9    0.3    2.0   82.2  29.70  30.60   75.5 22222 11111
 20250424 1200    1.9    0.9    2.1   64.5  29.70  30.36   75.5 22222 11111
 20250425 1200    0.4    1.2    1.3   20.3  29.40  30.67   75.5 22222 11111
 20250426 1200    1.6    0.5    1.6   72.5  28.70  30.44   75.9 22222 11111
 20250427 1200    0.6   -0.5    0.8  133.5  29.40  30.94   73.2 22222 11111
 20250428 1200   -0.3    2.3    2.3  353.3  29.70  30.82   73.2 22222 11111
 20250429 1200    1.7    3.7    4.1   25.1  29.50  30.62   77.0 22222 11111
 20250430 1200    1.9    1.1    2.2   59.5  27.70  30.18   83.9 22222 11111
 20250501 1200    2.8    1.7    3.3   58.8  29.10  30.32   76.2 22222 11111
 20250502 1200    2.5    1.5    2.9   58.2  29.60  30.60   73.5 22222 11111
 20250503 1200    3.7    0.3    3.7   85.3  29.20  30.44   79.3 22222 11111
 20250504 1200    2.9    0.9    3.0   72.5  28.70  30.42   81.6 22222 11111
 20250505 1200    4.0    2.5    4.7   57.5  29.70  30.42   78.2 22222 11111
 20250506 1200    3.0    1.9    3.6   57.5  28.70  30.22   81.6 22222 11111
 20250507 1200    4.6    1.5    4.8   71.6  28.90  30.14   80.5 22222 11111
 20250508 1200    3.5   -0.9    3.6  104.9  28.50  30.04   80.5 22222 11111
 20250509 1200    2.5    1.3    2.8   61.9  29.50  30.36   76.2 22222 11111
 20250510 1200    3.9    0.3    3.9   85.5  29.60  30.30   77.8 22222 11111
 20250511 1200    5.9    1.6    6.1   75.4  29.10  30.10   79.3 22222 11111
 20250512 1200    4.2    2.5    4.8   58.8  28.40  30.02   82.8 22222 11111
 20250513 1200    3.0    3.1    4.3   43.5  28.80  29.94   80.5 22222 11111
 20250514 1200    1.4    2.9    3.2   25.1  29.10  30.02   81.2 22222 11111
 20250515 1200    2.0    1.7    2.7   49.8  28.20  29.81   85.1 22222 11111
 20250516 1200    3.7    0.5    3.7   82.2  28.30  29.82   79.7 22222 11111
 20250517 1200    3.1    3.9    5.0   38.6  28.50  29.89   82.0 22222 11111
 20250518 1200    2.8    5.2    6.0   28.5  28.70  29.91   82.4 22222 11111
 20250519 1200    2.7    5.0    5.7   27.8  28.60  29.90   83.6 22222 11111
 20250520 1200    3.6    5.6    6.7   32.7  28.60  29.84   83.2 22222 11111
 20250521 1200    3.4    5.1    6.1   34.2  29.50  29.87   83.6 22222 11111
 20250522 1200    5.2    3.9    6.5   53.4  29.70  29.98   83.2 22222 11111
 20250523 1200    6.0    3.5    7.0   59.8  29.80  29.97   82.8 22222 11111
 20250524 1200    7.0    3.1    7.7   65.9  28.90  29.95   83.2 22222 11111
 20250525 1200    6.8    4.5    8.1   56.4  29.90  29.91   83.9 22222 11111
 20250526 1200    7.1    6.3    9.4   48.5  29.90  29.94   83.6 22222 11111
 20250527 1200    7.7    6.5   10.0   49.8  30.00  29.93   82.0 22222 11111
 20250528 1200    7.6    7.2   10.5   46.5  30.10  29.93   80.9 22222 11111
 20250529 1200    6.4    7.8   10.1   39.6  30.00  29.85   80.1 22222 11111
 20250530 1200    5.7    7.2    9.2   38.3  30.00  29.84   80.5 22222 11111
 20250531 1200    6.9    6.2    9.3   47.8  29.90  29.86   81.2 22222 11111
 20250601 1200    7.3    5.1    8.9   55.2  29.80  29.83   82.0 22222 11111
 20250602 1200    5.8    5.3    7.8   47.6  29.50  29.78   83.6 22222 11111
 20250603 1200    5.7    3.3    6.6   59.6  29.60  29.80   82.4 22222 11111
 20250604 1200    5.5    3.1    6.3   60.3  29.60  29.87   82.0 22222 11111
 20250605 1200    5.0    3.9    6.4   52.3  29.60  29.87   81.2 22222 11111
 20250606 1200    6.2    4.1    7.4   56.5  29.70  29.87   80.9 22222 11111
 20250607 1200    7.4    3.1    8.0   67.0  29.70  29.87   79.7 22222 11111
 20250608 1200    8.1    3.7    9.0   65.3  29.80  29.79   77.8 22222 11111
 20250609 1200    8.3    4.7    9.6   60.4  29.80  29.76   78.2 22222 11111
 20250610 1200    7.9    5.7    9.7   54.2  29.70  29.75   79.7 22222 11111
 20250611 1200    7.7    6.3    9.9   50.7  29.40  29.73   80.9 22222 11111
 20250612 1200    5.7    7.6    9.5   36.8  29.10  29.67   82.0 22222 11111
 20250613 1200    6.1    7.4    9.6   39.4  29.50  29.56   81.6 22222 11111
 20250614 1200    5.9    7.2    9.3   39.2  29.30  29.59   81.6 22222 11111
 20250615 1200    5.9    6.4    8.7   42.6  29.30  29.55   80.9 22222 11111
 20250616 1200    5.3    6.6    8.5   38.8  29.30  29.51   80.5 22222 11111
 20250617 1200    6.0    5.3    8.0   48.5  29.40  29.47   80.5 22222 11111
 20250618 1200    5.0    6.2    8.0   38.5  29.30  29.51   81.2 22222 11111
 20250619 1200    5.2    5.7    7.7   42.5  29.40 -99.90   81.6 22202 11101
 20250620 1200    5.5    6.4    8.5   40.7  28.90  29.38   82.8 22222 11111
 20250621 1200    7.5    4.9    9.0   56.9  29.10  29.33   82.0 22222 11111
 20250622 1200    7.7    6.1    9.8   51.6  29.10  29.28   82.4 22222 11111
 20250623 1200    7.9    4.7    9.2   59.2  29.40  29.12   82.4 22222 11111
 20250624 1200    7.0    4.7    8.4   55.9  29.40  29.13   82.0 22222 11111
 20250625 1200    5.8    5.1    7.7   48.7  29.30  29.21   82.0 22222 11111
 20250626 1200    5.0    4.7    6.9   47.0  29.30  29.28   81.2 22222 11111
 20250627 1200    3.8    6.6    7.6   29.7  29.30  29.35   81.6 22222 11111
 20250628 1200    4.5    7.2    8.5   32.2  29.10  29.35   81.6 22222 11111
 20250629 1200    5.1    6.4    8.2   38.7  29.10  29.47   81.6 22222 11111
 20250630 1200    6.3    6.4    9.0   44.4  29.40  29.52   79.7 22222 11111
 20250701 1200    6.9    6.1    9.2   48.7  29.40 -99.90   78.9 22202 11101
 20250702 1200    5.5    5.8    8.1   43.5  29.50  29.50   79.3 22222 11111
 20250703 1200    5.4    5.7    7.8   43.5  29.50  29.52   80.9 22222 11111
 20250704 1200    6.6    4.3    7.9   56.8  29.40  29.50   81.6 22222 11111
 20250705 1200    7.0    3.9    8.0   60.7  29.40  29.50   82.0 22222 11111
 20250706 1200    7.2    3.9    8.2   61.3  29.50  29.56   82.0 22222 11111
 20250707 1200    6.8    3.7    7.8   61.3  29.40  29.44   82.8 22222 11111
 20250708 1200    5.2    5.1    7.3   45.7  29.30  29.32   82.4 22222 11111
 20250709 1200    4.9    3.3    5.9   55.9  29.40  29.43   82.8 22222 11111
 20250710 1200    4.6    4.9    6.7   43.5  29.30  29.48   83.2 22222 11111
 20250711 1200    6.0    3.7    7.1   58.4  29.60  29.61   81.2 22222 11111
 20250712 1200    6.0    3.9    7.2   57.0  29.60  29.72   82.0 22222 11111
 20250713 1200    6.8    4.1    7.9   58.8  29.60  29.79   82.0 22222 11111
 20250714 1200    7.6    3.9    8.5   62.5  29.60  29.80   81.6 22222 11111
 20250715 1200    4.8    2.1    5.2   65.9  27.90  29.67   83.2 22222 11111
 20250716 1200    4.6    4.9    6.7   43.5  27.90  29.63   82.8 22222 11111
 20250717 1200    2.7    5.0    5.7   27.8  27.70  29.37   84.7 22222 11111
 20250718 1200    5.7    6.2    8.5   42.6  29.30  29.40   82.4 22222 11111
 20250719 1200    6.5    6.2    9.0   46.1  29.00  29.53   83.2 22222 11111
 20250720 1200    8.4    7.0   11.0   50.0  29.60  29.49   79.7 22222 11111
 20250721 1200    7.6    8.0   11.0   43.5  29.50  29.42   78.9 22222 11111
 20250722 1200    7.6    7.2   10.5   46.5  29.40  29.40   79.7 22222 11111
 20250723 1200    8.6    7.0   11.1   50.6  29.40  29.32   78.9 22222 11111
 20250724 1200    8.1    6.3   10.2   52.1  29.40  29.22   79.3 22222 11111
 20250725 1200    6.9    6.2    9.3   47.8  29.30  29.22   80.1 22222 11111
 20250726 1200    6.9    5.1    8.6   53.7  29.30 -99.90   80.9 22202 11101
 20250727 1200    6.2    5.5    8.2   48.3  29.10  29.21   80.5 22222 11111
 20250728 1200    5.6    4.5    7.2   51.3  29.10  29.27   81.2 22222 11111
 20250729 1200    4.5    4.3    6.2   46.1  29.10  29.35   83.2 22222 11111
 20250730 1200    0.3    4.8    4.8    3.3  29.10  29.53   82.8 22222 11111
 20250731 1200    1.3    1.6    2.0   39.1  29.00  29.85   80.9 22222 11111
 20250801 1200    1.4    2.1    2.6   33.5  28.70  29.58   82.0 22222 11111
 20250802 1200    4.4    1.3    4.6   73.2  27.10  29.37   84.7 22222 11111
 20250803 1200    7.0    2.9    7.6   67.2  27.80  29.23   81.6 22222 11111
 20250804 1200    4.0    4.7    6.2   40.9  28.60 -99.90   79.7 22202 11101
 20250805 1200    4.2    4.9    6.4   41.0  29.10 -99.90   80.1 22202 11101
 20250806 1200    5.0    5.1    7.1   44.6  28.70  29.32   81.2 22222 11111
 20250807 1200    5.2    4.3    6.8   50.6  28.20  29.29   81.2 22222 11111
 20250808 1200    4.4    5.3    6.9   40.0  29.20  29.25   80.1 22222 11111
 20250809 1200    4.8    4.5    6.6   47.1  29.10  29.20   77.8 22222 11111
 20250810 1200    5.0    4.5    6.7   48.3  28.60 -99.90   80.5 22202 11101
 20250811 1200    8.3    3.9    9.2   64.7  28.90  29.17   79.3 22222 11111
 20250812 1200    7.9    4.9    9.3   58.2  28.90  29.05   80.1 22222 11111
 20250813 1200    6.1    6.8    9.1   41.8  28.70  28.92   82.0 22222 11111
 20250814 1200    6.3    5.5    8.4   49.2  28.80  28.92   82.4 22222 11111
 20250815 1200    6.9    5.7    8.9   50.6  28.80  28.85   81.6 22222 11111
 20250816 1200    7.4    7.0   10.2   46.6  29.00  28.83   79.7 22222 11111
 20250817 1200    5.8    8.2   10.1   35.6  28.70  28.81   82.0 22222 11111
 20250818 1200    5.9    6.6    8.9   41.7  28.80 -99.90   80.5 22202 11101
 20250819 1200    4.2    5.1    6.6   39.9  28.60  28.75   81.6 22222 11111
 20250820 1200    3.9    4.3    5.8   42.1  28.70  28.90   80.1 22222 11111
 20250821 1200    3.5    4.1    5.4   40.5  28.30  28.93   80.5 22222 11111
 20250822 1200    4.5    4.3    6.2   46.1  28.50  28.90   81.2 22222 11111
 20250823 1200    5.0    4.5    6.7   48.3  28.90  28.87   80.9 22222 11111
 20250824 1200    6.2    2.9    6.9   64.9  29.00  28.91   81.6 22222 11111
 20250825 1200    5.6    4.3    7.1   52.6  28.90  28.90   82.0 22222 11111
 20250826 1200    6.2    4.7    7.8   52.8  28.80  28.93   80.9 22222 11111
 20250827 1200    6.3    5.5    8.4   49.2  29.10  28.96   79.7 22222 11111
 20250828 1200    5.2    5.3    7.4   44.6  29.10  28.97   79.7 22222 11111
 20250829 1200    5.3    6.4    8.4   39.7  29.00  28.92   80.9 22222 11111
 20250830 1200    6.4    4.9    8.0   52.5  28.90  28.96   82.0 22222 11111
 20250831 1200    8.1    4.9    9.5   58.8  28.90  29.02   81.6 22222 11111
 20250901 1200    7.3    6.1    9.5   50.2  28.80  28.86   82.8 22222 11111
 20250902 1200    7.1    5.9    9.2   50.4  29.10  28.90   82.0 22222 11111
 20250903 1200    7.1    4.7    8.6   56.6  29.20  28.89   80.5 22222 11111
 20250904 1200    7.2    3.0    7.8   67.8  29.10  28.91   79.7 22222 11111
 20250905 1200    6.3    2.7    6.8   66.4  29.00  28.98   81.2 22222 11111
 20250906 1200    5.5    1.7    5.8   72.5  28.80  28.93   83.2 22222 11111
 20250907 1200    2.8    2.5    3.8   47.9  28.20  28.88   83.6 22222 11111
 20250908 1200    2.7    3.7    4.6   36.4  28.60  28.96   82.8 22222 11111
 20250909 1200    3.2    5.6    6.5   29.8  28.60  28.89   82.8 22222 11111
 20250910 1200    5.2    5.3    7.4   44.6  27.70  28.90   84.7 22222 11111
 20250911 1200    3.9    3.7    5.4   46.5  28.40  28.93   82.4 22222 11111
 20250912 1200    3.7    4.1    5.5   42.0  28.40  28.90   82.4 22222 11111
